0
1
1
3
3
5
5
5
8
8
8
10
10
11
11
11
11
11
12
15
16
17
18
18
18
19
23
23
23
26
26
26
26
26
26
26
30
31
31
31
31
31
31
31
32
32
32
32
32
32
32
33
33
33
33
36
36
37
37
38
38
38
38
38
39
39
39
39
39
40
40
40
42
43
43
45
45
45
47
47
47
47
50
50
50
51
51
51
52
53
53
54
54
54
54
54
54
57
57
58
58
58
59
59
60
60
60
61
64
64
65
65
66
67
67
67
67
68
68
71
71
71
71
71
71
72
73
73
73
73
74
74
74
75
75
79
79
79
79
80
80
81
81
81
81
85
85
85
85
85
86
86
86
86
86
86
87
87
87
88
89
92
92
92
92
93
94
94
94
94
94
94
94
95
96
96
97
100
100
101
101
102
102
102
102
103
103
103
103
103
103
106
106
106
106
106
106
107
107
107
108
108
109
109
109
110
110
110
110
110
110
110
113
113
114
114
114
115
115
115
115
115
115
115
116
116
116
116
116
117
117
120
121
122
122
122
123
123
123
123
124
124
124
128
128
128
128
130
130
131
131
134
134
134
134
135
135
135
136
136
136
136
136
137
137
137
137
137
137
137
138
138
141
142
142
143
143
143
143
143
144
144
144
144
145
145
145
145
148
149
150
150
151
151
151
152
152
152
152
152
152
155
156
156
157
157
157
158
159
159
159
159
162
162
162
162
163
165
165
165
167
167
170
170
171
171
171
171
171
172
172
172
173
176
176
178
178
178
178
179
180
183
184
184
184
186
191
191
198
199
199
199
200
200
200
200
201
201
204
204
205
206
207
207
207
208
212
213
214
218
218
218
218
220
220
220
220
221
221
221
222
222
222
227
228
228
228
228
229
232
232
232
234
235
235
235
235
239
239
240
240
240
242
242
242
242
243
243
244
246
247
247
247
248
249
249
250
250
250
253
253
253
253
253
255
255
255
256
256
256
256
256
256
256
257
257
257
257
260
261
262
262
264
264
267
268
270
271
271
271
274
274
274
275
277
277
278
278
278
278
281
281
281
282
282
282
282
282
283
283
283
284
284
284
284
284
284
284
284
285
285
285
285
285
285
285
285
287
287
288
288
288
288
288
288
288
289
289
289
290
290
291
291
291
291
291
292
292
293
296
297
297
297
297
297
297
297
298
298
299
299
299
302
303
303
303
303
304
304
304
306
306
306
309
309
309
309
310
310
310
310
312
312
312
312
313
313
313
313
316
317
319
319
320
320
320
320
320
321
323
323
323
324
324
325
325
326
326
326
326
327
327
327
328
329
330
330
331
331
331
331
331
332
332
332
333
333
334
334
334
334
334
341
341
344
346
346
346
347
348
348
348
350
352
353
353
353
353
354
355
355
355
355
358
359
360
360
360
360
360
361
361
361
361
362
362
365
367
367
367
367
367
367
368
368
368
368
369
369
372
373
374
374
374
374
375
375
375
375
375
375
375
375
376
376
376
379
379
380
380
381
381
382
383
383
383
383
383
383
386
386
386
386
387
387
388
388
388
389
389
389
389
389
390
395
395
395
396
396
396
397
397
397
397
397
397
398
400
400
400
400
400
401
401
401
401
402
402
402
402
402
403
403
404
404
404
405
407
409
410
410
410
410
411
411
411
411
411
414
414
414
414
415
415
415
416
417
417
418
418
421
422
422
422
422
423
423
424
424
424
424
424
424
428
428
429
429
429
429
429
430
430
431
431
432
435
435
435
435
436
436
436
436
436
436
437
439
439
442
444
444
445
445
445
445
445
446
446
449
449
449
449
451
451
451
451
452
452
453
453
453
456
457
457
457
457
458
459
460
460
460
460
460
463
463
463
463
464
465
465
465
465
467
467
467
468
470
470
470
470
471
472
473
473
473
473
473
474
474
474
474
479
479
479
480
480
480
481
481
481
481
484
484
484
484
485
485
485
486
487
487
487
487
487
488
488
492
492
492
493
493
493
495
495
495
498
498
498
499
499
500
500
500
500
501
502
502
502
502
505
506
506
506
507
507
508
508
509
509
509
509
509
509
512
512
512
512
513
513
513
514
514
514
514
514
514
514
515
515
515
516
516
516
516
516
516
519
519
519
519
520
520
521
521
521
522
523
523
523
523
523
523
523
524
526
526
526
527
527
527
527
528
530
531
533
533
533
533
533
534
534
535
536
536
536
536
537
537
537
537
537
540
540
540
541
541
541
541
541
543
543
543
543
544
544
544
544
544
544
544
544
544
547
547
547
547
547
548
548
548
549
549
549
549
549
550
550
550
551
551
552
554
554
554
555
556
556
557
557
558
558
561
561
561
561
562
563
563
563
564
565
565
568
569
569
570
570
571
571
571
572
575
575
575
575
576
576
577
577
577
578
578
579
579
579
582
582
582
582
582
582
582
584
584
585
585
585
585
590
590
590
591
591
592
592
596
596
596
596
596
596
597
597
597
597
597
598
599
600
600
603
605
606
606
607
607
607
607
610
610
610
611
611
611
611
611
611
611
611
612
612
612
612
612
612
613
613
613
613
613
614
614
614
614
617
617
618
618
618
619
619
619
619
619
619
620
620
621
621
621
624
624
625
625
625
626
626
626
626
626
627
627
628
628
628
628
629
632
632
632
632
632
632
632
633
633
634
634
634
634
638
638
638
639
640
640
640
640
640
640
640
641
641
641
641
642
642
645
645
645
645
647
647
647
648
648
649
649
649
649
649
652
652
652
653
653
653
653
654
654
654
654
654
655
655
655
655
655
655
655
656
656
656
657
659
660
660
660
660
661
661
661
661
661
661
662
664
666
666
666
666
667
667
667
667
668
668
668
668
668
669
669
669
669
670
670
670
670
673
673
674
674
674
675
675
675
677
677
677
677
680
680
680
680
681
681
681
681
681
681
682
682
683
683
684
684
684
684
687
687
688
688
688
688
688
688
690
690
691
691
691
691
691
691
691
694
694
694
694
694
696
696
697
697
698
698
698
698
701
701
701
702
702
702
705
708
708
708
709
709
709
711
711
711
711
711
711
711
711
711
711
712
712
714
715
715
715
715
716
716
717
717
718
718
718
719
719
722
722
723
723
723
724
725
725
725
726
726
728
731
731
731
731
732
732
732
733
733
733
733
733
734
736
736
736
737
738
738
738
738
738
738
738
739
739
739
739
739
739
740
740
740
743
743
743
743
745
745
746
746
746
746
746
746
746
746
747
747
747
747
747
750
750
750
750
751
751
751
751
751
752
752
752
752
752
753
753
753
753
753
754
754
754
754
755
759
759
759
759
759
759
760
760
760
760
760
760
760
760
761
761
761
763
764
764
764
764
765
765
765
765
765
765
765
765
766
767
767
768
768
768
768
768
768
768
768
768
771
772
772
772
772
773
773
773
773
774
774
774
774
775
775
778
778
778
778
779
779
779
779
780
780
780
781
781
781
782
782
782
782
782
782
785
785
785
786
786
786
786
786
786
787
787
788
788
789
789
792
792
792
793
793
793
793
793
793
793
794
795
796
797
799
799
800
800
800
800
801
801
801
802
802
802
806
807
808
808
809
809
809
810
810
810
810
813
813
814
814
814
814
815
817
817
817
820
820
820
821
821
821
822
822
823
823
823
824
824
824
824
824
827
827
827
827
828
828
828
828
828
829
829
829
829
829
830
830
830
830
831
831
831
831
831
831
832
834
834
834
834
835
835
835
836
837
837
837
837
838
838
838
838
839
841
842
842
842
842
843
843
844
844
845
848
848
848
849
849
849
850
850
850
851
851
851
851
852
852
852
852
852
855
856
856
856
856
857
857
858
858
859
859
859
862
862
862
862
863
863
864
864
864
865
865
865
865
865
865
865
866
866
866
869
869
869
869
870
870
871
871
872
872
872
872
873
873
873
876
876
876
876
877
877
877
878
879
879
879
880
880
880
880
880
882
883
884
884
884
884
885
885
885
885
885
885
885
886
886
886
886
886
886
887
887
887
890
890
890
892
892
892
893
893
893
893
893
893
893
893
893
893
898
899
900
900
900
901
901
904
904
905
905
906
906
906
907
907
907
907
908
910
911
911
911
912
913
914
914
914
915
915
915
915
915
918
918
918
918
918
919
919
919
919
920
921
921
921
921
921
921
922
925
926
927
927
927
928
928
928
928
929
929
929
932
932
933
933
935
935
935
936
936
939
939
940
940
940
940
941
941
941
942
942
942
943
946
946
946
946
948
948
950
950
950
950
952
954
954
954
954
955
955
956
956
956
956
956
957
957
958
960
960
960
960
960
960
961
962
962
963
964
964
964
965
966
967
967
967
967
968
968
969
969
969
970
971
971
971
973
974
974
974
974
975
975
975
975
975
976
976
976
977
977
977
978
981
981
981
982
982
982
982
982
982
982
983
984
984
984
984
985
985
985
985
986
988
988
988
988
988
988
989
989
990
990
990
990
991
991
991
992
992
992
992
995
996
996
996
996
996
997
998
1000
1000
1000
1002
1002
1002
1002
1002
1002
1003
1003
1004
1004
1004
1005
1005
1006
1006
1006
1009
1010
1010
1010
1010
1011
1011
1011
1011
1012
1012
1013
1016
1016
1016
1016
1016
1016
1016
1016
1017
1017
1017
1017
1018
1018
1019
1019
1019
1019
1019
1019
1020
1020
1023
1023
1023
1023
1023
1025
1025
1025
1026
1026
1026
1026
1026
1027
1027
1027
1027
1028
1030
1030
1030
1030
1031
1032
1032
1032
1032
1033
1034
1034
1035
1036
1037
1037
1037
1037
1037
1039
1039
1039
1044
1044
1044
1045
1045
1045
1046
1046
1048
1048
1048
1048
1048
1048
1048
1051
1051
1051
1051
1053
1053
1053
1053
1054
1054
1055
1055
1055
1055
1055
1055
1058
1058
1058
1058
1059
1059
1059
1059
1059
1060
1060
1061
1061
1061
1062
1062
1065
1066
1067
1067
1068
1072
1072
1072
1072
1072
1072
1072
1072
1072
1073
1074
1074
1079
1080
1080
1081
1082
1082
1082
1083
1083
1083
1086
1086
1087
1087
1088
1088
1088
1088
1088
1089
1089
1089
1089
1090
1090
1090
1090
1090
1090
1095
1095
1096
1096
1096
1096
1096
1096
1097
1097
1097
1097
1097
1099
1100
1102
1102
1103
1103
1103
1104
1104
1104
1104
1104
1104
1104
1104
1104
1104
1104
1105
1107
1108
1108
1108
1108
1108
1108
1108
1109
1109
1110
1111
1111
1113
1114
1114
1114
1115
1115
1115
1117
1117
1118
1118
1118
1118
1118
1118
1118
1118
1118
1122
1122
1122
1122
1123
1123
1123
1123
1123
1123
1124
1125
1125
1125
1128
1128
1128
1128
1129
1129
1129
1129
1130
1131
1132
1132
1132
1132
1132
1132
1133
1133
1134
1135
1135
1135
1135
1136
1136
1137
1137
1137
1138
1139
1139
1139
1142
1142
1143
1143
1143
1144
1145
1145
1146
1146
1146
1146
1146
1146
1149
1150
1150
1151
1151
1151
1151
1151
1152
1152
1152
1152
1152
1153
1153
1154
1156
1156
1156
1156
1156
1156
1156
1156
1157
1158
1158
1158
1158
1158
1158
1159
1159
1159
1159
1160
1160
1160
1160
1160
1160
1160
1160
1160
1160
1161
1163
1163
1163
1163
1163
1163
1163
1164
1164
1164
1164
1164
1164
1165
1165
1165
1166
1166
1166
1167
1167
1167
1167
1167
1167
1167
1167
1170
1170
1170
1170
1171
1171
1173
1173
1174
1174
1174
1174
1177
1177
1178
1178
1178
1179
1179
1179
1180
1181
1181
1181
1184
1184
1185
1185
1186
1187
1187
1187
1187
1188
1188
1188
1189
1191
1191
1191
1191
1191
1192
1193
1194
1194
1194
1194
1195
1195
1195
1195
1195
1195
1195
1195
1198
1198
1198
1198
1198
1198
1199
1199
1200
1200
1200
1200
1200
1201
1201
1201
1201
1202
1205
1205
1205
1205
1205
1205
1206
1206
1206
1206
1206
1207
1207
1207
1207
1207
1208
1208
1208
1208
1208
1208
1208
1209
1209
1209
1209
1209
1211
1212
1212
1212
1212
1212
1212
1213
1213
1213
1213
1214
1214
1215
1216
1216
1216
1219
1219
1219
1220
1220
1220
1221
1221
1221
1221
1222
1222
1222
1222
1222
1222
1223
1223
1223
1223
1227
1227
1228
1228
1229
1229
1229
1230
1230
1231
1233
1233
1233
1233
1234
1234
1234
1234
1234
1234
1235
1236
1236
1236
1236
1237
1240
1240
1240
1240
1240
1241
1241
1241
1241
1241
1241
1241
1242
1242
1243
1244
1244
1244
1244
1247
1248
1248
1248
1248
1248
1249
1249
1249
1251
1251
1251
1251
1251
1254
1254
1254
1255
1255
1256
1256
1257
1257
1258
1258
1258
1258
1262
1262
1262
1263
1263
1263
1264
1265
1265
1265
1268
1268
1269
1269
1269
1270
1271
1271
1271
1271
1271
1272
1272
1272
1272
1272
1272
1272
1273
1275
1275
1275
1276
1276
1276
1276
1276
1277
1277
1277
1278
1278
1278
1278
1278
1278
1279
1279
1279
1279
1282
1282
1282
1283
1284
1284
1285
1285
1285
1285
1285
1286
1286
1286
1286
1289
1289
1291
1291
1291
1291
1291
1292
1292
1292
1293
1293
1293
1294
1296
1296
1296
1296
1297
1297
1297
1297
1298
1298
1298
1299
1300
1300
1301
1303
1303
1303
1304
1305
1305
1306
1306
1306
1307
1309
1309
1310
1310
1310
1310
1312
1312
1313
1313
1314
1315
1317
1318
1318
1318
1319
1320
1320
1320
1320
1320
1321
1321
1321
1325
1326
1326
1327
1327
1327
1327
1331
1331
1331
1331
1332
1332
1332
1332
1332
1333
1333
1333
1333
1334
1334
1334
1335
1335
1338
1338
1338
1339
1339
1340
1340
1340
1341
1342
1342
1342
1342
1345
1345
1345
1345
1345
1346
1346
1346
1346
1346
1346
1347
1347
1347
1347
1347
1347
1348
1348
1348
1349
1349
1349
1349
1352
1352
1352
1352
1353
1354
1354
1355
1355
1355
1355
1356
1356
1356
1357
1359
1360
1360
1360
1361
1361
1361
1362
1363
1363
1363
1363
1363
1363
1363
1363
1363
1363
1364
1364
1366
1366
1366
1367
1367
1367
1367
1368
1368
1368
1368
1369
1369
1369
1370
1370
1372
1373
1373
1374
1374
1374
1374
1374
1376
1376
1376
1376
1376
1376
1377
1377
1377
1377
1380
1381
1381
1381
1382
1382
1382
1382
1383
1383
1383
1383
1383
1384
1384
1384
1384
1387
1387
1387
1388
1388
1388
1389
1389
1389
1389
1389
1391
1391
1391
1391
1394
1394
1394
1395
1395
1395
1396
1396
1396
1396
1397
1397
1398
1398
1398
1398
1398
1400
1401
1401
1401
1401
1401
1402
1403
1403
1403
1405
1405
1408
1408
1408
1408
1408
1408
1408
1409
1409
1409
1409
1409
1410
1411
1411
1411
1411
1412
1412
1412
1412
1412
1412
1415
1415
1416
1416
1416
1417
1417
1417
1417
1417
1418
1418
1418
1418
1419
1420
1422
1422
1423
1423
1423
1423
1423
1423
1424
1424
1425
1425
1425
1425
1425
1425
1425
1426
1426
1426
1429
1429
1429
1429
1429
1429
1430
1430
1430
1431
1432
1432
1437
1438
1438
1438
1438
1438
1439
1439
1439
1443
1443
1443
1443
1443
1443
1443
1444
1445
1445
1445
1446
1446
1447
1447
1448
1450
1450
1450
1451
1451
1452
1452
1452
1453
1453
1453
1453
1453
1454
1458
1458
1458
1458
1460
1461
1461
1463
1463
1463
1463
1463
1464
1464
1464
1465
1465
1466
1467
1467
1467
1467
1468
1468
1468
1468
1468
1468
1468
1468
1470
1470
1470
1470
1470
1471
1471
1471
1471
1471
1471
1472
1472
1472
1473
1473
1474
1474
1474
1474
1475
1475
1475
1475
1475
1475
1475
1475
1475
1475
1475
1476
1476
1476
1476
1477
1477
1477
1477
1477
1477
1477
1477
1477
1477
1477
1477
1478
1478
1478
1478
1478
1478
1478
1478
1479
1479
1479
1479
1479
1479
1480
1480
1480
1480
1480
1480
1480
1481
1481
1481
1481
1481
1481
1482
1482
1482
1482
1482
1482
1482
1482
1482
1485
1485
1485
1485
1485
1485
1485
1485
1485
1485
1485
1486
1486
1486
1486
1486
1487
1487
1487
1487
1487
1488
1488
1488
1488
1488
1488
1489
1489
1489
1489
1489
1489
1489
1489
1489
1490
1490
1490
1490
1490
1492
1493
1493
1493
1493
1494
1494
1494
1494
1495
1495
1495
1495
1496
1496
1496
1496
1496
1496
1496
1496
1496
1496
1496
1497
1499
1499
1499
1499
1499
1500
1500
1500
1500
1500
1500
1500
1500
1500
1500
1500
1500
1501
1501
1502
1502
1502
1502
1502
1502
1502
1502
1503
1503
1503
1503
1506
1506
1506
1506
1506
1506
1507
1507
1507
1507
1507
1507
1507
1507
1507
1507
1507
1508
1508
1508
1508
1508
1508
1509
1509
1509
1509
1509
1509
1509
1509
1510
1510
1510
1510
1510
1510
1510
1510
1512
1512
1512
1512
1513
1513
1513
1513
1513
1513
1513
1514
1514
1515
1515
1515
1515
1515
1515
1515
1516
1516
1516
1516
1516
1516
1516
1516
1516
1517
1517
1517
1518
1518
1518
1518
1518
1518
1518
1518
1519
1519
1519
1519
1519
1519
1519
1520
1520
1520
1521
1521
1521
1521
1521
1522
1522
1523
1523
1523
1523
1523
1523
1524
1524
1524
1524
1524
1524
1525
1527
1527
1527
1527
1527
1528
1528
1528
1529
1530
1530
1530
1530
1530
1531
1531
1531
1531
1531
1532
1532
1534
1534
1535
1535
1535
1535
1535
1535
1535
1535
1535
1535
1536
1536
1536
1536
1536
1536
1537
1537
1538
1538
1538
1538
1539
1541
1542
1542
1543
1543
1543
1543
1543
1543
1543
1543
1543
1543
1543
1543
1544
1544
1544
1544
1544
1544
1544
1544
1544
1544
1544
1545
1545
1545
1545
1547
1548
1548
1548
1548
1549
1549
1549
1549
1550
1550
1550
1550
1550
1550
1550
1550
1550
1550
1551
1551
1551
1551
1552
1552
1555
1555
1555
1555
1556
1556
1556
1556
1556
1556
1557
1557
1557
1557
1557
1557
1557
1557
1557
1557
1557
1557
1558
1558
1558
1559
1559
1559
1559
1559
1559
1559
1559
1559
1559
1559
1559
1562
1562
1562
1562
1562
1563
1563
1563
1563
1563
1563
1564
1564
1564
1565
1565
1565
1565
1565
1565
1565
1566
1568
1568
1569
1569
1569
1569
1569
1569
1569
1570
1570
1570
1570
1570
1570
1571
1571
1571
1571
1571
1572
1572
1572
1572
1572
1572
1573
1573
1575
1575
1575
1575
1575
1575
1575
1575
1575
1576
1576
1576
1576
1577
1577
1577
1577
1577
1577
1577
1577
1577
1577
1578
1578
1578
1578
1578
1579
1579
1579
1579
1579
1579
1580
1580
1580
1580
1580
1580
1583
1583
1583
1583
1584
1584
1584
1584
1585
1585
1585
1585
1585
1585
1586
1586
1586
1586
1586
1586
1586
1587
1587
1587
1587
1587
1587
1590
1591
1591
1591
1591
1591
1592
1592
1592
1592
1592
1592
1593
1593
1593
1593
1594
1594
1594
1594
1594
1594
1594
1594
1595
1596
1596
1597
1597
1597
1597
1597
1598
1599
1599
1599
1600
1600
1600
1600
1601
1601
1601
1604
1604
1604
1604
1604
1604
1604
1605
1605
1605
1605
1605
1606
1606
1606
1606
1606
1607
1607
1607
1607
1607
1608
1608
1608
1608
1608
1608
1608
1609
1609
1610
1610
1610
1610
1610
1610
1610
1610
1611
1611
1611
1611
1611
1611
1611
1611
1611
1611
1611
1611
1611
1612
1612
1612
1613
1613
1613
1613
1613
1613
1613
1614
1614
1614
1614
1614
1615
1615
1615
1618
1619
1619
1619
1619
1619
1619
1619
1619
1620
1620
1620
1620
1620
1620
1621
1621
1621
1621
1622
1622
1626
1626
1626
1627
1627
1627
1627
1628
1628
1628
1628
1628
1629
1629
1629
1629
1629
1630
1631
1631
1631
1631
1631
1632
1632
1632
1633
1633
1633
1633
1634
1634
1634
1634
1634
1634
1635
1635
1635
1635
1635
1636
1636
1636
1636
1639
1639
1640
1640
1640
1640
1640
1640
1641
1641
1641
1641
1641
1641
1642
1642
1642
1642
1642
1642
1642
1642
1643
1643
1643
1643
1644
1644
1644
1644
1644
1646
1646
1647
1647
1647
1647
1648
1648
1648
1648
1649
1649
1649
1649
1649
1649
1649
1650
1650
1650
1650
1650
1650
1650
1650
1650
1650
1650
1651
1653
1653
1654
1654
1654
1655
1655
1655
1655
1656
1656
1657
1657
1657
1657
1657
1658
1658
1659
1660
1660
1660
1661
1661
1662
1662
1662
1662
1663
1663
1664
1664
1664
1667
1667
1667
1668
1668
1668
1668
1668
1668
1668
1668
1669
1669
1669
1669
1669
1670
1670
1670
1671
1671
1674
1674
1675
1676
1676
1676
1676
1677
1677
1678
1678
1678
1680
1681
1682
1682
1682
1682
1683
1683
1683
1683
1683
1683
1683
1684
1684
1685
1685
1686
1687
1687
1689
1689
1690
1690
1691
1691
1691
1691
1691
1691
1692
1692
1692
1692
1692
1692
1693
1693
1693
1694
1694
1695
1695
1695
1695
1695
1695
1695
1695
1695
1695
1695
1696
1697
1697
1697
1697
1697
1697
1697
1698
1698
1698
1698
1698
1698
1698
1699
1699
1699
1700
1700
1700
1700
1700
1700
1700
1702
1702
1702
1702
1702
1702
1702
1702
1702
1702
1702
1702
1703
1703
1703
1703
1704
1704
1704
1704
1705
1705
1705
1705
1705
1706
1706
1706
1708
1709
1709
1709
1710
1710
1710
1710
1710
1710
1710
1710
1710
1710
1711
1711
1711
1713
1713
1713
1713
1713
1713
1713
1714
1714
1716
1716
1717
1717
1717
1717
1718
1718
1718
1718
1719
1719
1719
1719
1719
1719
1720
1720
1720
1720
1720
1720
1721
1721
1723
1723
1724
1724
1724
1724
1724
1724
1724
1724
1724
1724
1724
1725
1725
1725
1725
1725
1725
1725
1725
1725
1726
1726
1726
1726
1726
1727
1727
1727
1727
1727
1727
1728
1728
1728
1728
1728
1729
1729
1729
1730
1730
1730
1730
1730
1730
1730
1730
1731
1731
1731
1731
1732
1732
1733
1733
1733
1733
1733
1733
1734
1734
1734
1734
1734
1734
1734
1735
1735
1735
1736
1736
1736
1736
1737
1737
1737
1737
1737
1737
1737
1737
1738
1738
1738
1738
1738
1738
1738
1738
1738
1739
1739
1739
1740
1740
1740
1741
1741
1741
1741
1741
1741
1741
1742
1742
1744
1744
1744
1745
1745
1745
1746
1746
1746
1746
1746
1746
1746
1747
1747
1747
1747
1747
1747
1747
1747
1747
1748
1748
1748
1748
1751
1751
1751
1751
1751
1751
1751
1751
1751
1751
1751
1752
1752
1752
1752
1752
1752
1752
1752
1752
1752
1753
1753
1753
1753
1753
1753
1753
1753
1753
1753
1754
1754
1754
1754
1755
1755
1755
1755
1755
1755
1755
1755
1755
1756
1756
1756
1757
1757
1757
1758
1758
1758
1758
1758
1759
1759
1759
1759
1760
1760
1760
1760
1761
1761
1761
1762
1762
1762
1762
1763
1763
1763
1763
1764
1765
1765
1765
1765
1766
1766
1766
1766
1766
1766
1766
1766
1766
1766
1766
1766
1772
1772
1772
1772
1772
1772
1773
1773
1774
1774
1774
1774
1774
1774
1775
1775
1775
1776
1776
1776
1776
1776
1779
1779
1779
1779
1779
1779
1779
1779
1779
1779
1779
1780
1780
1780
1780
1780
1780
1780
1781
1781
1781
1781
1781
1782
1782
1782
1782
1782
1782
1782
1782
1782
1782
1783
1783
1783
1783
1785
1786
1786
1786
1786
1786
1786
1786
1786
1787
1787
1787
1787
1788
1788
1788
1788
1788
1788
1789
1789
1789
1790
1790
1790
1790
1790
1790
1790
1790
1790
1790
1790
1790
1792
1792
1793
1793
1793
1793
1793
1793
1793
1793
1793
1793
1793
1793
1793
1793
1793
1793
1794
1794
1794
1794
1794
1794
1794
1796
1796
1796
1796
1797
1798
1800
1801
1802
1802
1803
1803
1806
1808
1808
1808
1809
1809
1809
1809
1809
1809
1810
1810
1810
1810
1810
1810
1811
1811
1811
1811
1811
1812
1814
1815
1815
1815
1816
1816
1816
1816
1816
1817
1817
1817
1817
1817
1818
1818
1818
1818
1818
1818
1818
1818
1818
1818
1821
1821
1822
1822
1822
1822
1823
1823
1823
1823
1823
1823
1823
1823
1823
1823
1824
1824
1824
1824
1824
1824
1824
1824
1824
1824
1824
1824
1824
1825
1825
1826
1828
1828
1828
1828
1828
1829
1829
1830
1830
1830
1830
1831
1831
1831
1831
1831
1831
1832
1832
1832
1832
1834
1834
1834
1835
1835
1835
1835
1835
1835
1835
1835
1835
1835
1835
1835
1836
1836
1836
1836
1836
1836
1836
1836
1836
1836
1836
1836
1836
1836
1836
1836
1836
1836
1837
1837
1837
1837
1837
1837
1838
1838
1838
1838
1838
1838
1839
1839
1839
1839
1839
1839
1839
1839
1839
1839
1839
1839
1840
1840
1841
1842
1842
1842
1842
1843
1843
1843
1843
1844
1844
1844
1844
1844
1844
1844
1845
1845
1845
1845
1845
1846
1846
1846
1846
1846
1848
1848
1849
1849
1849
1850
1850
1850
1850
1850
1850
1850
1850
1850
1851
1851
1851
1851
1851
1851
1851
1851
1851
1851
1851
1852
1852
1853
1853
1853
1853
1853
1857
1857
1857
1857
1857
1858
1858
1858
1858
1858
1858
1858
1859
1859
1859
1859
1859
1859
1860
1860
1863
1863
1863
1863
1863
1864
1864
1864
1864
1864
1864
1864
1864
1865
1865
1865
1865
1865
1866
1866
1866
1867
1867
1867
1868
1870
1870
1870
1871
1871
1871
1871
1871
1871
1872
1872
1872
1873
1873
1873
1874
1874
1874
1874
1875
1875
1876
1877
1877
1877
1877
1877
1878
1878
1878
1879
1879
1879
1879
1879
1880
1880
1880
1880
1880
1880
1881
1881
1881
1881
1881
1881
1884
1884
1884
1884
1884
1884
1884
1884
1884
1884
1884
1884
1884
1885
1885
1885
1885
1885
1885
1885
1886
1886
1886
1886
1886
1886
1887
1887
1887
1888
1888
1888
1888
1888
1888
1888
1888
1889
1890
1890
1890
1891
1891
1891
1891
1892
1892
1892
1892
1893
1893
1893
1893
1893
1894
1894
1895
1895
1895
1895
1895
1895
1895
1895
1895
1895
1896
1896
1896
1897
1897
1897
1897
1897
1897
1897
1898
1898
1898
1899
1899
1899
1899
1899
1899
1899
1900
1900
1900
1900
1900
1901
1901
1901
1901
1901
1901
1901
1901
1902
1902
1902
1902
1902
1905
1905
1905
1905
1906
1906
1906
1907
1907
1907
1907
1907
1908
1908
1908
1908
1908
1909
1909
1909
1909
1912
1912
1912
1913
1913
1913
1914
1914
1914
1914
1914
1914
1914
1914
1914
1915
1915
1915
1915
1915
1915
1916
1916
1916
1916
1916
1916
1916
1916
1916
1917
1919
1919
1919
1920
1920
1920
1920
1920
1920
1920
1920
1920
1920
1921
1921
1921
1921
1921
1921
1921
1921
1921
1921
1922
1922
1922
1922
1922
1922
1922
1922
1922
1923
1923
1923
1923
1923
1923
1925
1925
1925
1926
1926
1926
1926
1926
1926
1926
1926
1926
1926
1926
1926
1926
1926
1926
1927
1927
1928
1928
1928
1928
1928
1928
1929
1929
1929
1930
1930
1930
1930
1930
1930
1930
1933
1933
1933
1933
1933
1933
1933
1933
1933
1934
1934
1934
1934
1934
1934
1934
1934
1934
1935
1935
1935
1935
1935
1935
1936
1936
1936
1936
1937
1937
1937
1937
1937
1937
1940
1940
1940
1940
1940
1940
1940
1940
1940
1940
1940
1940
1940
1940
1941
1941
1941
1941
1942
1942
1942
1943
1943
1943
1943
1943
1943
1943
1944
1944
1944
1944
1944
1946
1946
1946
1946
1946
1946
1947
1947
1947
1947
1947
1947
1947
1947
1947
1947
1948
1948
1948
1948
1949
1949
1949
1949
1950
1950
1950
1950
1950
1951
1951
1952
1952
1954
1954
1954
1955
1955
1956
1956
1956
1956
1956
1956
1956
1956
1956
1956
1956
1956
1956
1956
1957
1957
1957
1957
1957
1958
1958
1958
1958
1958
1958
1958
1958
1958
1958
1958
1959
1959
1959
1959
1960
1960
1960
1960
1961
1961
1961
1961
1961
1962
1962
1962
1962
1963
1963
1964
1964
1964
1965
1965
1965
1966
1968
1969
1969
1969
1969
1969
1969
1969
1970
1970
1970
1970
1970
1970
1971
1971
1971
1972
1972
1972
1973
1975
1975
1975
1975
1975
1975
1976
1976
1977
1977
1978
1978
1978
1979
1982
1982
1982
1983
1983
1983
1984
1984
1984
1984
1984
1985
1985
1985
1985
1986
1986
1986
1986
1989
1991
1991
1991
1992
1992
1992
1992
1993
1993
1993
1993
1994
1994
1994
1995
1996
1996
1996
1996
1996
1996
1996
1996
1996
1996
1996
1997
1997
1997
1997
1997
1997
1998
1998
1998
1998
1998
1999
1999
2000
2000
2000
2000
2001
2002
2002
2002
2002
2003
2004
2004
2004
2004
2004
2004
2004
2005
2005
2005
2005
2005
2005
2006
2006
2006
2006
2007
2007
2007
2007
2009
2010
2010
2011
2011
2011
2011
2011
2011
2012
2012
2012
2013
2013
2013
2013
2013
2013
2014
2014
2015
2016
2016
2017
2017
2017
2017
2017
2017
2018
2018
2018
2018
2018
2018
2019
2020
2020
2020
2020
2020
2021
2021
2021
2021
2021
2023
2023
2023
2024
2024
2025
2025
2026
2027
2027
2028
2028
2028
2028
2028
2028
2028
2028
2029
2031
2031
2032
2032
2032
2033
2033
2034
2035
2038
2039
2040
2040
2041
2041
2041
2042
2042
2042
2045
2045
2045
2046
2046
2046
2046
2046
2046
2046
2046
2046
2046
2046
2047
2047
2047
2048
2048
2049
2054
2054
2054
2054
2055
2055
2055
2055
2055
2055
2056
2056
2056
2056
2056
2056
2056
2056
2057
2058
2058
2058
2058
2059
2059
2059
2059
2059
2059
2059
2059
2060
2060
2060
2060
2060
2060
2060
2060
2060
2061
2061
2061
2061
2061
2061
2061
2061
2062
2062
2062
2062
2063
2063
2063
2063
2063
2063
2063
2063
2063
2066
2066
2066
2066
2067
2067
2067
2067
2067
2067
2067
2067
2068
2068
2068
2068
2068
2069
2069
2069
2069
2070
2070
2070
2070
2070
2070
2070
2073
2073
2073
2073
2073
2073
2073
2073
2074
2074
2074
2074
2074
2074
2074
2074
2075
2075
2075
2075
2076
2076
2076
2077
2077
2077
2077
2079
2080
2080
2081
2081
2081
2081
2081
2082
2082
2082
2083
2083
2083
2083
2083
2083
2084
2084
2084
2084
2085
2087
2088
2088
2088
2088
2088
2088
2088
2088
2088
2089
2089
2089
2089
2089
2089
2089
2089
2089
2089
2089
2089
2090
2090
2090
2090
2090
2091
2091
2093
2093
2094
2094
2094
2094
2095
2095
2095
2095
2095
2095
2096
2096
2096
2097
2097
2097
2097
2097
2097
2097
2098
2098
2098
2098
2098
2099
2099
2100
2101
2101
2102
2102
2102
2102
2102
2102
2103
2103
2103
2104
2104
2104
2104
2104
2104
2104
2104
2104
2105
2105
2105
2105
2105
2105
2105
2105
2105
2108
2108
2108
2108
2109
2109
2109
2109
2109
2110
2111
2111
2111
2111
2111
2112
2112
2112
2112
2112
2112
2112
2112
2112
2112
2113
2113
2114
2115
2115
2115
2115
2115
2115
2116
2116
2116
2116
2116
2117
2117
2117
2117
2117
2117
2117
2117
2117
2118
2118
2118
2118
2118
2120
2122
2122
2122
2122
2122
2122
2123
2123
2123
2124
2124
2124
2124
2124
2125
2125
2125
2125
2125
2125
2126
2126
2126
2126
2126
2126
2126
2126
2126
2126
2126
2127
2128
2129
2129
2129
2129
2129
2130
2130
2130
2130
2130
2130
2130
2131
2133
2136
2136
2136
2137
2137
2137
2137
2137
2137
2138
2138
2138
2139
2139
2139
2139
2139
2139
2139
2139
2139
2140
2140
2140
2140
2140
2140
2140
2140
2141
2143
2143
2143
2143
2144
2144
2144
2145
2145
2145
2146
2146
2147
2147
2147
2147
2147
2148
2150
2150
2151
2151
2151
2151
2151
2151
2152
2152
2153
2153
2153
2153
2153
2154
2154
2154
2154
2155
2157
2157
2158
2158
2158
2158
2158
2158
2158
2159
2159
2159
2160
2160
2160
2160
2160
2160
2161
2162
2162
2167
2168
2173
2174
2174
2175
2175
2175
2178
2178
2178
2179
2179
2179
2179
2179
2180
2180
2180
2180
2180
2181
2181
2181
2181
2181
2181
2181
2181
2182
2182
2182
2182
2182
2182
2182
2182
2182
2182
2183
2184
2184
2184
2185
2186
2186
2186
2186
2186
2186
2187
2187
2187
2188
2188
2188
2188
2188
2188
2189
2189
2192
2192
2193
2193
2193
2193
2194
2194
2194
2194
2195
2195
2195
2195
2195
2195
2196
2196
2196
2196
2199
2199
2199
2199
2200
2201
2201
2201
2202
2202
2202
2202
2202
2202
2203
2203
2203
2203
2203
2203
2203
2203
2206
2206
2206
2207
2207
2207
2208
2208
2208
2208
2209
2209
2209
2209
2209
2209
2210
2210
2210
2210
2213
2213
2213
2213
2214
2214
2214
2214
2214
2214
2215
2215
2215
2216
2216
2216
2216
2217
2217
2217
2217
2218
2218
2218
2219
2219
2219
2220
2220
2220
2221
2222
2222
2222
2222
2222
2222
2222
2222
2223
2223
2223
2223
2224
2224
2224
2224
2226
2226
2227
2227
2227
2227
2228
2228
2228
2228
2228
2228
2228
2229
2230
2230
2230
2230
2230
2230
2230
2231
2231
2231
2231
2234
2234
2235
2235
2235
2235
2236
2236
2236
2236
2236
2236
2237
2237
2237
2237
2237
2237
2238
2238
2238
2238
2238
2238
2239
2240
2241
2242
2242
2242
2242
2242
2242
2242
2243
2243
2243
2244
2244
2244
2244
2244
2244
2244
2245
2245
2247
2248
2248
2248
2248
2248
2248
2248
2248
2249
2249
2249
2249
2249
2250
2250
2250
2251
2251
2252
2252
2252
2252
2252
2252
2252
2253
2254
2254
2254
2254
2255
2255
2255
2255
2255
2255
2255
2255
2256
2256
2256
2256
2256
2257
2257
2258
2258
2258
2258
2258
2258
2259
2259
2259
2259
2259
2259
2262
2262
2262
2263
2263
2263
2263
2263
2264
2264
2264
2265
2266
2267
2269
2269
2270
2270
2271
2271
2271
2272
2272
2272
2272
2272
2273
2273
2273
2274
2274
2276
2276
2276
2276
2276
2276
2276
2277
2277
2277
2277
2278
2278
2279
2279
2279
2279
2280
2280
2280
2280
2280
2280
2280
2283
2283
2283
2283
2283
2283
2284
2284
2284
2285
2285
2285
2285
2285
2286
2286
2286
2286
2286
2286
2286
2286
2287
2287
2287
2287
2287
2287
2289
2289
2289
2290
2290
2290
2290
2290
2290
2290
2290
2290
2290
2290
2290
2290
2291
2291
2291
2291
2291
2291
2291
2291
2291
2291
2291
2292
2292
2292
2292
2292
2293
2293
2293
2293
2293
2293
2293
2293
2293
2293
2293
2293
2293
2293
2294
2294
2294
2294
2294
2294
2297
2297
2297
2297
2297
2297
2298
2298
2298
2298
2298
2299
2299
2299
2299
2299
2300
2300
2300
2300
2300
2301
2304
2304
2304
2304
2305
2305
2305
2305
2305
2307
2307
2307
2307
2307
2307
2307
2308
2308
2308
2308
2311
2311
2312
2312
2313
2313
2313
2313
2313
2313
2313
2314
2314
2314
2314
2314
2314
2315
2318
2319
2319
2319
2319
2319
2320
2320
2320
2320
2321
2321
2321
2321
2321
2321
2321
2321
2321
2321
2321
2322
2322
2322
2322
2322
2322
2325
2325
2325
2325
2325
2325
2325
2325
2326
2326
2326
2326
2327
2327
2327
2327
2327
2328
2328
2328
2328
2328
2328
2328
2328
2329
2329
2329
2329
2329
2329
2329
2329
2329
2332
2332
2332
2332
2333
2333
2333
2333
2333
2333
2333
2333
2333
2333
2334
2334
2334
2334
2334
2334
2334
2335
2335
2335
2335
2336
2336
2337
2339
2339
2339
2339
2339
2339
2339
2340
2340
2340
2341
2341
2342
2342
2342
2342
2342
2342
2342
2342
2343
2343
2345
2346
2346
2346
2346
2346
2347
2347
2347
2347
2348
2348
2348
2348
2348
2348
2348
2348
2349
2349
2349
2349
2349
2349
2350
2350
2350
2350
2350
2350
2350
2353
2353
2353
2353
2353
2353
2353
2354
2354
2354
2354
2354
2355
2356
2356
2356
2357
2357
2357
2357
2357
2357
2357
2359
2360
2360
2360
2360
2360
2360
2360
2360
2360
2360
2361
2361
2362
2363
2363
2363
2363
2363
2363
2364
2364
2364
2364
2364
2364
2364
2364
2364
2365
2365
2365
2366
2367
2367
2367
2367
2367
2367
2367
2367
2367
2368
2368
2368
2369
2369
2369
2369
2369
2369
2369
2369
2369
2370
2370
2370
2370
2370
2370
2370
2370
2370
2371
2371
2371
2371
2371
2371
2371
2374
2374
2374
2374
2374
2374
2374
2374
2375
2375
2375
2375
2375
2375
2375
2376
2376
2376
2376
2377
2377
2377
2377
2377
2377
2378
2378
2378
2378
2378
2378
2378
2381
2381
2381
2381
2382
2382
2382
2382
2383
2383
2383
2383
2383
2384
2384
2384
2384
2384
2384
2384
2384
2384
2385
2387
2387
2388
2388
2388
2388
2389
2389
2389
2390
2390
2390
2390
2390
2390
2390
2391
2391
2391
2391
2391
2395
2395
2395
2395
2395
2395
2395
2395
2395
2396
2396
2396
2397
2397
2397
2397
2397
2398
2398
2399
2399
2400
2400
2401
2402
2403
2403
2403
2403
2403
2403
2404
2404
2405
2405
2405
2406
2408
2410
2410
2410
2410
2411
2411
2412
2413
2414
2417
2417
2417
2418
2418
2418
2419
2419
2419
2419
2419
2420
2420
2420
2423
2423
2423
2423
2424
2424
2425
2425
2425
2425
2425
2425
2425
2426
2426
2426
2426
2426
2426
2426
2426
2427
2427
2427
2427
2427
2427
2430
2430
2430
2430
2430
2430
2431
2431
2431
2431
2432
2432
2432
2432
2432
2432
2432
2432
2432
2432
2432
2432
2433
2433
2433
2433
2434
2434
2434
2434
2434
2434
2434
2434
2435
2435
2435
2435
2436
2436
2436
2437
2437
2437
2437
2437
2437
2437
2438
2438
2439
2439
2439
2439
2440
2440
2440
2440
2441
2441
2441
2441
2441
2441
2441
2441
2442
2443
2443
2444
2444
2444
2444
2444
2444
2444
2444
2444
2444
2445
2445
2445
2445
2445
2446
2446
2446
2446
2446
2447
2447
2447
2447
2447
2447
2448
2448
2448
2448
2448
2448
2451
2452
2452
2452
2452
2452
2452
2452
2452
2453
2453
2453
2453
2453
2454
2454
2454
2454
2454
2454
2454
2454
2455
2455
2455
2455
2455
2456
2456
2457
2458
2458
2458
2458
2458
2458
2458
2458
2458
2458
2459
2459
2459
2459
2459
2460
2460
2460
2460
2461
2461
2461
2461
2462
2462
2462
2464
2465
2465
2465
2465
2465
2465
2465
2465
2465
2465
2465
2465
2466
2466
2466
2466
2466
2466
2466
2466
2466
2466
2467
2467
2467
2467
2467
2467
2467
2468
2468
2468
2468
2468
2468
2469
2469
2469
2469
2469
2469
2472
2472
2473
2473
2473
2473
2474
2474
2474
2474
2474
2474
2475
2475
2475
2475
2475
2475
2475
2476
2476
2476
2476
2476
2476
2477
2477
2477
2477
2477
2477
2477
2477
2477
2477
2478
2478
2478
2478
2478
2478
2478
2478
2479
2479
2479
2480
2480
2480
2480
2481
2481
2481
2481
2481
2481
2482
2482
2482
2482
2482
2482
2482
2483
2483
2483
2483
2483
2483
2483
2483
2485
2485
2485
2485
2485
2485
2485
2486
2487
2487
2487
2487
2487
2487
2487
2487
2487
2487
2487
2487
2488
2488
2488
2489
2490
2490
2490
2490
2490
2490
2491
2491
2492
2492
2493
2494
2494
2494
2494
2494
2495
2495
2495
2495
2495
2497
2497
2499
2500
2500
2500
2500
2500
2500
2500
2500
2501
2501
2501
2502
2502
2502
2502
2502
2502
2502
2502
2502
2502
2502
2502
2503
2503
2503
2503
2503
2503
2503
2504
2504
2504
2504
2504
2504
2504
2504
2504
2504
2504
2505
2507
2507
2507
2507
2507
2507
2507
2507
2507
2507
2507
2508
2508
2508
2508
2508
2508
2508
2508
2509
2509
2509
2509
2509
2509
2509
2509
2509
2509
2509
2510
2510
2510
2511
2511
2511
2511
2511
2511
2511
2512
2514
2514
2514
2514
2514
2515
2515
2515
2515
2515
2515
2516
2516
2516
2516
2516
2516
2516
2516
2516
2517
2517
2518
2518
2518
2518
2520
2521
2521
2521
2521
2521
2521
2521
2521
2521
2522
2522
2522
2522
2522
2523
2524
2524
2524
2524
2524
2524
2525
2525
2525
2525
2525
2525
2525
2525
2525
2525
2525
2527
2530
2531
2531
2532
2532
2533
2534
2535
2535
2535
2535
2537
2538
2538
2539
2539
2542
2542
2542
2542
2542
2542
2543
2543
2543
2544
2544
2544
2545
2545
2545
2545
2546
2546
2546
2546
2546
2546
2546
2549
2549
2550
2550
2550
2550
2551
2551
2551
2551
2552
2552
2552
2553
2553
2555
2557
2557
2557
2557
2558
2558
2558
2558
2558
2558
2558
2558
2558
2559
2559
2559
2559
2559
2559
2559
2560
2560
2560
2560
2560
2563
2563
2563
2564
2564
2564
2564
2564
2564
2565
2565
2565
2565
2565
2566
2566
2567
2567
2567
2567
2567
2568
2570
2570
2571
2571
2571
2572
2572
2572
2572
2573
2573
2573
2573
2573
2573
2577
2577
2577
2577
2577
2577
2577
2577
2577
2578
2578
2578
2578
2578
2578
2578
2579
2579
2579
2579
2579
2579
2579
2580
2580
2580
2580
2581
2581
2581
2584
2584
2584
2584
2585
2585
2585
2585
2585
2585
2585
2585
2586
2586
2586
2587
2587
2587
2588
2588
2588
2590
2591
2591
2591
2591
2591
2591
2592
2592
2592
2592
2592
2592
2592
2593
2593
2593
2593
2593
2593
2593
2593
2593
2594
2594
2594
2594
2594
2595
2595
2596
2598
2598
2598
2599
2599
2599
2599
2599
2599
2599
2600
2600
2601
2601
2601
2601
2601
2601
2601
2601
2601
2601
2601
2602
2602
2602
2602
2602
2605
2605
2605
2605
2605
2605
2605
2605
2605
2605
2606
2606
2606
2606
2606
2606
2606
2607
2607
2607
2607
2607
2607
2608
2608
2608
2608
2608
2608
2608
2608
2609
2609
2609
2609
2609
2609
2609
2609
2609
2610
2610
2612
2612
2612
2613
2613
2613
2614
2614
2614
2615
2615
2615
2616
2616
2616
2616
2617
2619
2619
2619
2619
2619
2619
2619
2620
2620
2620
2621
2621
2622
2622
2622
2622
2622
2622
2622
2623
2623
2623
2623
2624
2625
2625
2625
2625
2626
2626
2627
2627
2628
2629
2629
2629
2629
2630
2630
2630
2630
2633
2633
2633
2633
2633
2634
2634
2634
2634
2634
2634
2634
2634
2635
2635
2635
2635
2635
2635
2635
2636
2636
2636
2636
2636
2636
2636
2637
2637
2637
2637
2637
2637
2637
2637
2637
2639
2640
2640
2640
2640
2640
2640
2641
2641
2641
2641
2641
2642
2643
2643
2643
2644
2644
2644
2644
2644
2644
2644
2644
2645
2646
2646
2646
2646
2647
2647
2647
2647
2647
2647
2647
2647
2648
2648
2648
2648
2648
2648
2649
2649
2649
2649
2649
2649
2650
2651
2651
2651
2651
2651
2651
2651
2651
2651
2651
2654
2654
2654
2654
2654
2654
2654
2655
2655
2655
2655
2655
2655
2656
2656
2656
2657
2657
2657
2658
2658
2658
2658
2658
2658
2658
2659
2660
2660
2661
2661
2662
2662
2662
2662
2663
2663
2663
2663
2664
2664
2665
2665
2665
2665
2665
2666
2666
2667
2668
2668
2668
2668
2668
2668
2668
2668
2668
2668
2668
2668
2669
2669
2669
2669
2670
2670
2671
2671
2672
2672
2672
2672
2672
2674
2675
2675
2675
2676
2676
2676
2676
2677
2677
2677
2677
2677
2677
2677
2677
2677
2677
2677
2678
2678
2678
2678
2678
2678
2678
2678
2678
2678
2679
2679
2679
2681
2681
2682
2683
2683
2684
2684
2684
2685
2685
2685
2685
2685
2685
2685
2686
2686
2686
2686
2686
2686
2686
2686
2686
2686
2687
2689
2689
2689
2689
2690
2690
2690
2690
2690
2690
2690
2690
2690
2690
2691
2691
2691
2691
2691
2692
2692
2692
2692
2692
2692
2693
2693
2694
2694
2696
2696
2696
2696
2696
2696
2697
2697
2697
2697
2698
2698
2698
2698
2698
2699
2699
2699
2699
2699
2699
2700
2700
2701
2701
2702
2702
2702
2702
2703
2703
2703
2703
2703
2703
2703
2703
2704
2704
2704
2704
2705
2705
2705
2705
2705
2705
2705
2705
2706
2706
2706
2706
2706
2706
2706
2706
2706
2706
2706
2706
2706
2707
2708
2710
2710
2710
2710
2710
2711
2711
2711
2711
2711
2711
2711
2712
2713
2713
2713
2713
2713
2713
2713
2714
2714
2714
2714
2714
2714
2714
2715
2715
2715
2716
2716
2716
2717
2717
2718
2718
2718
2719
2719
2719
2719
2720
2720
2720
2720
2720
2721
2722
2722
2722
2722
2723
2724
2724
2724
2725
2725
2725
2725
2725
2725
2725
2725
2725
2725
2725
2726
2726
2726
2726
2727
2727
2727
2727
2727
2727
2727
2727
2728
2728
2728
2729
2731
2731
2731
2731
2731
2731
2731
2732
2732
2732
2732
2732
2732
2733
2733
2733
2733
2733
2733
2734
2734
2734
2735
2735
2735
2735
2738
2738
2738
2739
2740
2740
2740
2740
2741
2741
2741
2741
2742
2742
2742
2743
2743
2743
2746
2746
2746
2747
2747
2748
2748
2748
2748
2748
2749
2750
2750
2750
2752
2752
2752
2754
2754
2754
2754
2755
2755
2755
2756
2756
2756
2756
2759
2759
2759
2759
2759
2759
2760
2760
2760
2760
2760
2761
2761
2761
2762
2762
2762
2762
2762
2763
2763
2763
2764
2764
2765
2765
2765
2765
2766
2766
2766
2767
2767
2767
2767
2767
2767
2767
2767
2768
2768
2768
2768
2768
2768
2768
2768
2769
2769
2769
2770
2770
2773
2773
2773
2773
2773
2774
2774
2774
2775
2775
2775
2776
2777
2781
2781
2781
2781
2781
2781
2781
2781
2782
2782
2782
2782
2783
2784
2784
2784
2784
2784
2784
2784
2784
2785
2785
2785
2785
2785
2786
2787
2787
2787
2787
2788
2788
2788
2789
2789
2789
2789
2789
2789
2789
2790
2790
2790
2790
2790
2790
2790
2790
2791
2791
2791
2791
2791
2791
2791
2791
2793
2794
2794
2794
2794
2794
2794
2794
2794
2795
2795
2795
2796
2796
2796
2796
2796
2796
2796
2796
2797
2797
2797
2797
2797
2797
2797
2797
2797
2798
2798
2798
2798
2799
2801
2801
2801
2801
2801
2801
2801
2801
2801
2801
2801
2802
2802
2802
2802
2803
2803
2803
2803
2803
2803
2803
2803
2803
2803
2803
2804
2804
2804
2804
2804
2804
2804
2804
2804
2804
2804
2804
2804
2804
2805
2805
2805
2805
2805
2805
2805
2805
2805
2806
2806
2806
2808
2808
2808
2808
2808
2808
2808
2808
2808
2808
2808
2809
2809
2810
2810
2811
2811
2811
2811
2811
2811
2811
2811
2811
2812
2812
2812
2812
2812
2812
2812
2812
2813
2813
2813
2814
2814
2815
2815
2815
2815
2815
2815
2815
2816
2816
2816
2816
2816
2817
2817
2817
2818
2818
2818
2818
2818
2819
2819
2819
2819
2820
2820
2820
2820
2823
2823
2823
2823
2823
2823
2823
2824
2824
2825
2825
2825
2825
2825
2825
2826
2826
2826
2826
2826
2829
2829
2829
2829
2829
2829
2830
2830
2830
2831
2831
2831
2831
2831
2831
2832
2832
2832
2832
2832
2833
2833
2833
2833
2833
2833
2833
2834
2836
2836
2836
2837
2837
2837
2837
2838
2838
2838
2838
2838
2839
2839
2840
2840
2840
2840
2844
2845
2845
2845
2846
2846
2846
2846
2846
2846
2847
2847
2847
2848
2848
2849
2849
2850
2850
2850
2850
2850
2851
2852
2852
2852
2853
2853
2853
2853
2854
2854
2854
2854
2857
2857
2857
2857
2857
2858
2858
2858
2858
2858
2858
2859
2859
2859
2859
2859
2859
2859
2859
2859
2860
2860
2860
2860
2861
2861
2861
2861
2861
2863
2864
2864
2864
2865
2865
2866
2866
2866
2866
2867
2868
2868
2870
2871
2871
2871
2871
2871
2871
2872
2872
2872
2872
2872
2872
2872
2873
2873
2874
2874
2874
2874
2875
2875
2875
2875
2875
2876
2876
2877
2877
2877
2878
2878
2878
2878
2878
2879
2879
2879
2879
2879
2880
2880
2880
2880
2880
2880
2880
2880
2880
2880
2880
2881
2881
2881
2881
2881
2881
2881
2881
2882
2882
2882
2882
2882
2882
2882
2882
2882
2885
2885
2885
2885
2886
2886
2886
2886
2886
2886
2886
2886
2887
2887
2887
2887
2887
2887
2887
2887
2888
2888
2888
2888
2888
2888
2888
2888
2888
2888
2889
2889
2889
2889
2889
2889
2889
2889
2889
2891
2892
2892
2892
2892
2893
2893
2893
2893
2897
2897
2899
2899
2899
2899
2900
2900
2900
2901
2901
2902
2903
2903
2903
2903
2903
2904
2905
2906
2906
2907
2907
2907
2907
2907
2908
2908
2908
2908
2908
2908
2909
2909
2909
2909
2910
2910
2910
2910
2910
2910
2910
2910
2910
2913
2913
2913
2913
2913
2913
2913
2913
2914
2914
2914
2914
2914
2914
2915
2915
2915
2915
2916
2916
2916
2916
2916
2917
2917
2917
2917
2917
2917
2917
2917
2917
2923
2923
2923
2923
2924
2924
2924
2924
2924
2927
2927
2927
2928
2928
2928
2928
2929
2929
2929
2930
2931
2931
2934
2934
2934
2934
2935
2935
2935
2935
2935
2935
2936
2936
2937
2937
2937
2937
2937
2937
2938
2938
2938
2938
2938
2941
2941
2942
2942
2942
2942
2943
2943
2943
2944
2944
2944
2944
2944
2945
2945
2945
2945
2945
2946
2947
2948
2949
2949
2949
2949
2949
2949
2949
2949
2949
2949
2949
2949
2950
2950
2950
2950
2950
2951
2951
2951
2951
2951
2952
2952
2952
2952
2952
2952
2952
2952
2953
2953
2954
2954
2955
2955
2955
2956
2956
2956
2956
2956
2956
2957
2957
2957
2957
2957
2957
2957
2957
2957
2957
2958
2958
2958
2958
2958
2958
2958
2958
2958
2959
2959
2959
2959
2959
2959
2960
2961
2962
2962
2962
2962
2962
2962
2962
2962
2963
2963
2963
2963
2963
2963
2963
2964
2964
2964
2964
2964
2964
2964
2964
2964
2965
2965
2965
2965
2966
2966
2966
2966
2966
2966
2966
2966
2967
2967
2967
2967
2967
2968
2968
2968
2969
2969
2969
2969
2969
2970
2970
2970
2970
2971
2971
2971
2971
2971
2972
2972
2972
2972
2972
2973
2973
2973
2973
2973
2973
2973
2976
2976
2976
2976
2976
2977
2977
2977
2977
2977
2978
2978
2978
2978
2978
2978
2979
2979
2979
2980
2980
2980
2980
2980
2980
2983
2983
2983
2983
2984
2984
2984
2984
2984
2984
2984
2985
2985
2985
2985
2985
2985
2985
2985
2986
2986
2986
2986
2986
2986
2986
2986
2986
2987
2987
2987
2987
2987
2990
2990
2990
2991
2991
2991
2991
2991
2991
2991
2991
2992
2992
2992
2992
2992
2992
2993
2993
2993
2993
2994
2997
2997
2997
2997
2997
2997
2997
2998
2998
2998
2998
2998
2999
2999
2999
2999
2999
2999
2999
2999
2999
2999
2999
2999
3000
3000
3000
3000
3000
3001
3001
3001
3002
3004
3004
3004
3004
3004
3004
3004
3004
3005
3005
3006
3006
3006
3006
3006
3006
3006
3007
3007
3007
3007
3007
3007
3007
3007
3008
3008
3008
3008
3008
3009
3009
3009
3009
3011
3011
3011
3011
3011
3012
3012
3012
3012
3012
3012
3013
3013
3013
3013
3013
3013
3013
3013
3014
3014
3014
3014
3014
3014
3014
3015
3015
3015
3016
3016
3016
3016
3016
3017
3017
3017
3018
3018
3018
3018
3018
3018
3018
3018
3019
3019
3019
3019
3019
3019
3020
3020
3020
3020
3020
3020
3021
3021
3021
3021
3021
3021
3021
3021
3022
3022
3022
3022
3022
3022
3025
3025
3025
3025
3026
3026
3026
3026
3026
3026
3026
3027
3027
3027
3027
3028
3028
3028
3028
3028
3028
3029
3029
3029
3029
3032
3032
3032
3032
3032
3032
3032
3032
3032
3032
3032
3033
3033
3033
3034
3034
3034
3034
3034
3034
3035
3035
3035
3035
3036
3036
3036
3036
3036
3036
3039
3039
3039
3039
3040
3040
3040
3040
3040
3040
3040
3040
3040
3040
3040
3041
3041
3041
3041
3042
3042
3042
3042
3042
3042
3042
3043
3043
3043
3043
3045
3046
3046
3047
3047
3047
3047
3047
3047
3048
3048
3048
3048
3048
3049
3049
3049
3049
3049
3049
3050
3050
3050
3050
3050
3050
3050
3052
3052
3053
3053
3053
3053
3054
3054
3054
3054
3054
3056
3056
3056
3056
3056
3056
3057
3057
3057
3057
3057
3057
3057
3057
3057
3060
3060
3060
3060
3060
3060
3060
3060
3060
3060
3061
3061
3061
3061
3062
3062
3062
3062
3063
3063
3063
3063
3063
3063
3063
3064
3064
3064
3064
3064
3064
3064
3064
3064
3065
3065
3067
3067
3067
3067
3067
3067
3068
3068
3068
3068
3068
3068
3069
3069
3069
3069
3069
3069
3069
3070
3070
3070
3070
3070
3070
3070
3070
3070
3071
3071
3071
3072
3072
3075
3075
3075
3075
3075
3075
3075
3075
3076
3076
3076
3076
3077
3077
3077
3078
3078
3078
3078
3078
3079
3079
3079
3080
3080
3081
3081
3081
3081
3081
3081
3081
3082
3082
3082
3082
3082
3083
3083
3083
3083
3083
3083
3083
3083
3084
3084
3084
3084
3084
3085
3087
3088
3088
3088
3089
3089
3089
3090
3090
3090
3090
3090
3091
3091
3091
3091
3091
3091
3092
3092
3092
3092
3092
3092
3092
3092
3092
3092
3093
3095
3095
3095
3095
3095
3095
3096
3096
3096
3096
3096
3096
3096
3096
3097
3097
3097
3097
3097
3097
3097
3097
3097
3097
3097
3097
3098
3098
3098
3098
3098
3098
3099
3099
3099
3099
3099
3099
3100
3100
3100
3100
3101
3101
3101
3101
3101
3101
3102
3102
3102
3102
3102
3102
3102
3103
3103
3104
3104
3104
3104
3104
3104
3104
3104
3104
3104
3104
3105
3105
3105
3105
3105
3105
3105
3105
3105
3106
3106
3106
3106
3107
3107
3108
3109
3109
3109
3109
3109
3109
3110
3110
3110
3110
3110
3110
3110
3110
3110
3110
3110
3110
3111
3111
3111
3111
3111
3112
3113
3113
3113
3116
3117
3118
3118
3118
3118
3118
3118
3118
3118
3118
3119
3119
3119
3119
3119
3119
3119
3119
3119
3119
3119
3119
3120
3120
3120
3120
3120
3120
3120
3120
3121
3121
3121
3122
3122
3122
3122
3122
3122
3123
3123
3123
3123
3123
3123
3123
3123
3123
3123
3123
3123
3124
3124
3124
3124
3124
3124
3124
3125
3125
3125
3125
3125
3125
3125
3125
3125
3126
3126
3126
3126
3126
3126
3126
3127
3127
3127
3127
3127
3128
3128
3130
3130
3130
3130
3130
3131
3131
3131
3131
3131
3131
3132
3132
3132
3132
3133
3133
3133
3133
3133
3134
3134
3138
3138
3138
3139
3139
3139
3140
3141
3141
3141
3143
3143
3144
3144
3145
3145
3146
3147
3147
3147
3148
3148
3148
3148
3148
3150
3151
3152
3152
3153
3153
3153
3153
3153
3153
3153
3153
3153
3153
3154
3154
3155
3155
3155
3155
3155
3155
3155
3155
3158
3158
3158
3158
3158
3158
3158
3158
3159
3159
3159
3159
3159
3159
3159
3159
3159
3159
3159
3159
3160
3160
3160
3160
3161
3161
3161
3161
3161
3161
3161
3161
3162
3162
3162
3162
3162
3162
3162
3163
3164
3164
3165
3165
3165
3165
3165
3165
3165
3165
3165
3166
3166
3166
3166
3166
3166
3167
3167
3167
3167
3167
3167
3168
3168
3168
3168
3168
3168
3169
3169
3169
3169
3169
3169
3169
3169
3169
3170
3170
3170
3170
3170
3170
3172
3172
3172
3172
3172
3173
3173
3173
3173
3173
3174
3174
3174
3174
3174
3175
3175
3175
3175
3175
3175
3175
3175
3175
3175
3175
3176
3176
3177
3177
3179
3179
3180
3180
3180
3181
3181
3181
3181
3182
3182
3182
3182
3182
3182
3183
3183
3183
3183
3184
3184
3185
3185
3185
3185
3186
3186
3186
3186
3186
3186
3186
3186
3187
3187
3187
3187
3187
3187
3187
3187
3188
3188
3188
3188
3188
3188
3188
3189
3189
3190
3190
3190
3190
3190
3192
3192
3192
3193
3193
3193
3193
3193
3193
3193
3193
3194
3194
3194
3194
3195
3195
3195
3196
3196
3197
3197
3197
3198
3199
3199
3199
3200
3200
3200
3200
3200
3200
3200
3200
3200
3201
3201
3201
3201
3201
3202
3202
3202
3202
3202
3202
3202
3202
3202
3202
3202
3202
3203
3203
3203
3203
3203
3203
3203
3203
3204
3204
3204
3204
3204
3204
3204
3204
3204
3204
3204
3204
3205
3206
3207
3207
3207
3207
3207
3207
3208
3208
3208
3208
3208
3208
3208
3208
3208
3208
3208
3209
3209
3209
3209
3209
3209
3209
3209
3210
3210
3210
3210
3210
3211
3211
3211
3211
3211
3211
3211
3211
3211
3213
3213
3213
3214
3214
3214
3214
3214
3214
3214
3214
3214
3214
3214
3214
3214
3215
3215
3215
3215
3215
3215
3215
3215
3216
3216
3217
3217
3217
3217
3217
3217
3217
3217
3218
3218
3218
3221
3221
3221
3221
3221
3221
3221
3222
3222
3222
3222
3222
3223
3223
3223
3223
3223
3223
3223
3224
3224
3224
3224
3224
3224
3224
3224
3224
3224
3224
3224
3225
3225
3225
3225
3228
3228
3228
3229
3229
3229
3229
3229
3229
3229
3229
3230
3230
3230
3230
3230
3230
3231
3232
3232
3232
3232
3234
3235
3235
3235
3235
3235
3235
3236
3236
3236
3236
3236
3236
3236
3236
3236
3237
3237
3238
3238
3238
3238
3238
3238
3238
3238
3238
3238
3239
3239
3239
3239
3239
3239
3239
3239
3239
3239
3240
3242
3242
3242
3242
3242
3243
3243
3243
3243
3244
3244
3244
3244
3244
3244
3244
3244
3245
3245
3245
3245
3245
3245
3246
3246
3246
3246
3249
3249
3249
3249
3249
3249
3249
3249
3250
3250
3250
3250
3250
3250
3250
3250
3251
3251
3251
3251
3251
3251
3251
3251
3251
3252
3252
3252
3252
3252
3252
3252
3253
3253
3254
3256
3258
3258
3258
3258
3258
3259
3259
3259
3262
3263
3264
3265
3266
3266
3298
3298
3298
3298
3298
3299
3299
3299
3299
3299
3300
3300
3300
3300
3300
3300
3301
3301
3301
3301
3302
3302
3302
3302
3302
3305
3306
3306
3306
3306
3307
3307
3307
3308
3308
3308
3308
3309
3309
3310
3311
3311
3311
3311
3312
3312
3312
3312
3312
3313
3313
3313
3313
3313
3313
3313
3313
3313
3313
3313
3314
3314
3314
3314
3314
3315
3315
3315
3316
3316
3316
3316
3316
3319
3319
3319
3319
3320
3320
3320
3321
3321
3321
3321
3321
3321
3322
3322
3323
3323
3323
3323
3323
3323
3323
3323
3324
3324
3325
3326
3326
3326
3326
3326
3326
3326
3326
3327
3327
3327
3327
3327
3327
3327
3328
3328
3328
3328
3328
3328
3328
3328
3329
3329
3329
3329
3329
3330
3330
3330
3330
3330
3330
3330
3330
3330
3332
3333
3333
3333
3333
3333
3333
3333
3333
3334
3334
3334
3334
3335
3335
3335
3335
3336
3336
3336
3336
3336
3337
3337
3337
3337
3337
3337
3337
3337
3339
3340
3340
3340
3340
3340
3340
3340
3341
3341
3341
3341
3341
3342
3342
3342
3342
3342
3342
3342
3342
3342
3343
3343
3343
3343
3343
3344
3344
3344
3344
3344
3344
3344
3344
3344
3344
3347
3347
3347
3347
3347
3347
3347
3347
3347
3348
3348
3348
3348
3348
3348
3348
3349
3349
3349
3349
3350
3350
3350
3350
3350
3350
3350
3350
3350
3350
3350
3351
3351
3351
3354
3354
3354
3354
3354
3354
3354
3355
3355
3355
3356
3356
3356
3356
3357
3357
3357
3358
3358
3358
3360
3361
3361
3361
3361
3362
3362
3363
3363
3364
3364
3364
3364
3364
3364
3364
3364
3364
3364
3364
3364
3364
3365
3365
3365
3365
3365
3365
3366
3366
3366
3367
3367
3367
3368
3368
3368
3368
3368
3368
3368
3369
3369
3369
3369
3369
3369
3370
3370
3370
3370
3370
3370
3370
3371
3371
3371
3371
3371
3372
3372
3372
3373
3374
3375
3375
3375
3375
3375
3375
3375
3375
3375
3375
3375
3376
3376
3376
3376
3376
3377
3377
3377
3377
3377
3378
3378
3378
3378
3378
3378
3379
3379
3379
3379
3379
3380
3380
3381
3382
3382
3382
3383
3383
3383
3383
3383
3383
3383
3383
3383
3383
3383
3384
3384
3384
3384
3384
3384
3384
3384
3384
3384
3385
3385
3385
3385
3385
3385
3385
3385
3385
3386
3386
3386
3386
3386
3386
3389
3389
3389
3389
3389
3389
3389
3390
3390
3390
3390
3390
3390
3391
3391
3391
3391
3391
3391
3391
3392
3392
3392
3392
3392
3392
3392
3392
3393
3393
3393
3393
3393
3395
3395
3395
3396
3396
3396
3396
3396
3396
3397
3397
3397
3397
3397
3397
3397
3397
3398
3399
3399
3399
3399
3399
3399
3399
3399
3399
3399
3399
3400
3400
3400
3400
3400
3400
3400
3400
3400
3403
3403
3403
3403
3403
3403
3403
3404
3404
3404
3404
3404
3404
3404
3404
3405
3405
3405
3405
3405
3405
3405
3406
3406
3406
3406
3407
3407
3407
3407
3407
3407
3408
3408
3408
3408
3409
3409
3410
3410
3410
3410
3410
3410
3410
3411
3411
3411
3411
3411
3411
3411
3411
3411
3411
3412
3412
3412
3412
3412
3413
3413
3413
3413
3413
3413
3414
3414
3414
3414
3414
3414
3414
3416
3417
3417
3417
3418
3418
3418
3418
3418
3418
3418
3418
3419
3419
3419
3419
3419
3419
3419
3420
3420
3420
3420
3420
3420
3420
3421
3421
3421
3421
3421
3421
3421
3421
3422
3422
3424
3424
3424
3424
3424
3424
3424
3424
3424
3425
3425
3425
3425
3425
3425
3425
3425
3425
3425
3425
3426
3426
3426
3426
3426
3426
3426
3426
3426
3426
3426
3426
3426
3426
3427
3427
3427
3427
3427
3427
3427
3427
3427
3427
3427
3428
3428
3428
3428
3428
3428
3428
3428
3429
3429
3431
3431
3431
3431
3431
3431
3431
3431
3431
3432
3432
3432
3432
3433
3433
3433
3433
3434
3434
3434
3434
3434
3434
3434
3434
3434
3435
3435
3435
3435
3435
3435
3435
3435
3435
3435
3437
3438
3438
3438
3438
3439
3439
3440
3440
3440
3440
3440
3440
3441
3441
3441
3441
3441
3441
3441
3442
3442
3442
3445
3445
3445
3445
3445
3445
3445
3445
3446
3446
3446
3447
3447
3447
3447
3448
3448
3448
3448
3449
3449
3449
3449
3449
3449
3450
3450
3450
3450
3450
3450
3450
3450
3451
3451
3451
3451
3451
3451
3452
3452
3452
3452
3452
3452
3452
3452
3453
3453
3453
3453
3453
3453
3453
3454
3454
3454
3454
3454
3455
3455
3455
3455
3455
3456
3456
3456
3456
3456
3456
3456
3456
3456
3456
3458
3459
3459
3459
3459
3459
3459
3460
3460
3460
3460
3460
3460
3460
3460
3460
3460
3460
3460
3460
3460
3461
3461
3461
3461
3461
3461
3461
3462
3462
3462
3462
3462
3462
3462
3462
3463
3463
3465
3465
3465
3465
3466
3466
3466
3466
3466
3466
3466
3466
3466
3466
3466
3466
3466
3466
3466
3466
3466
3466
3466
3467
3467
3467
3467
3467
3467
3467
3467
3467
3467
3467
3468
3468
3468
3469
3469
3469
3469
3469
3469
3469
3469
3469
3470
3470
3470
3470
3470
3470
3470
3473
3473
3473
3473
3473
3473
3473
3473
3474
3474
3474
3474
3474
3475
3475
3476
3476
3477
3477
3477
3477
3477
3477
3477
3477
3477
3478
3479
3480
3480
3480
3480
3480
3481
3481
3481
3481
3481
3482
3482
3482
3482
3482
3482
3482
3482
3482
3482
3483
3483
3483
3483
3483
3484
3484
3484
3484
3484
3484
3484
3486
3487
3487
3487
3487
3487
3488
3488
3488
3488
3488
3488
3489
3489
3489
3489
3490
3490
3490
3490
3490
3490
3490
3491
3491
3491
3491
3491
3491
3491
3491
3492
3492
3493
3494
3494
3494
3494
3494
3494
3495
3495
3495
3495
3496
3496
3496
3496
3496
3497
3497
3497
3497
3497
3497
3497
3498
3498
3498
3498
3498
3498
3498
3498
3501
3501
3501
3501
3501
3502
3502
3502
3503
3503
3503
3504
3504
3504
3504
3504
3505
3505
3505
3505
3507
3507
3508
3508
3508
3508
3508
3508
3509
3509
3509
3509
3509
3509
3509
3509
3509
3509
3509
3510
3510
3510
3510
3510
3510
3510
3510
3510
3511
3511
3511
3512
3512
3512
3512
3512
3512
3512
3512
3513
3513
3516
3516
3516
3516
3516
3516
3517
3517
3517
3517
3517
3517
3518
3518
3518
3518
3518
3519
3519
3519
3520
3522
3522
3522
3522
3522
3522
3522
3522
3522
3522
3523
3523
3523
3523
3523
3523
3523
3523
3524
3524
3524
3524
3524
3524
3525
3525
3525
3525
3525
3525
3525
3525
3525
3525
3525
3525
3525
3525
3525
3526
3526
3526
3526
3526
3526
3526
3526
3526
3528
3528
3529
3529
3529
3529
3529
3529
3529
3529
3529
3529
3529
3530
3530
3530
3530
3530
3530
3530
3530
3530
3530
3530
3530
3531
3531
3531
3531
3531
3531
3531
3531
3531
3531
3531
3531
3531
3531
3532
3532
3532
3532
3532
3532
3532
3532
3533
3533
3533
3533
3533
3533
3535
3535
3536
3536
3536
3536
3536
3536
3536
3537
3537
3537
3537
3538
3538
3538
3538
3538
3538
3538
3538
3538
3538
3539
3539
3539
3539
3539
3539
3539
3539
3539
3539
3540
3540
3540
3540
3540
3540
3540
3540
3540
3540
3540
3540
3540
3540
3540
3540
3542
3543
3543
3543
3543
3543
3543
3543
3544
3544
3544
3544
3544
3544
3544
3544
3544
3544
3544
3544
3544
3545
3545
3545
3545
3545
3545
3545
3545
3546
3546
3546
3546
3547
3547
3547
3547
3547
3547
3547
3547
3547
3547
3547
3547
3551
3551
3551
3551
3551
3551
3551
3551
3551
3552
3552
3552
3552
3552
3552
3553
3553
3553
3553
3553
3553
3553
3553
3553
3553
3553
3553
3554
3554
3554
3554
3554
3554
3557
3557
3557
3557
3557
3557
3558
3558
3558
3558
3558
3558
3558
3558
3559
3559
3559
3559
3559
3559
3560
3560
3561
3561
3561
3561
3561
3561
3561
3561
3561
3561
3561
3561
3561
3562
3564
3564
3564
3564
3564
3564
3564
3564
3564
3564
3565
3565
3565
3565
3565
3565
3565
3565
3565
3565
3566
3566
3566
3566
3566
3566
3566
3566
3566
3566
3567
3567
3567
3567
3567
3568
3568
3568
3568
3568
3568
3568
3569
3569
3569
3569
3570
3570
3571
3571
3571
3571
3571
3571
3571
3571
3571
3571
3571
3571
3571
3572
3572
3572
3572
3572
3572
3572
3572
3572
3572
3573
3573
3573
3573
3573
3573
3573
3573
3573
3573
3573
3574
3574
3574
3574
3574
3574
3574
3574
3575
3575
3575
3575
3575
3575
3575
3575
3575
3575
3575
3575
3575
3576
3576
3576
3577
3577
3577
3577
3577
3577
3577
3577
3577
3578
3578
3578
3578
3578
3578
3578
3578
3578
3579
3579
3579
3579
3579
3579
3580
3580
3580
3580
3580
3580
3580
3580
3580
3581
3582
3582
3582
3582
3582
3583
3585
3585
3585
3585
3585
3585
3585
3585
3585
3585
3586
3586
3586
3586
3586
3586
3586
3586
3586
3586
3586
3586
3587
3587
3587
3587
3587
3587
3587
3587
3587
3587
3587
3587
3587
3587
3588
3588
3588
3588
3588
3589
3589
3589
3589
3589
3590
3590
3590
3590
3591
3591
3591
3592
3592
3592
3592
3592
3592
3593
3593
3593
3593
3594
3594
3594
3594
3594
3594
3594
3595
3596
3596
3598
3599
3599
3599
3599
3599
3599
3599
3599
3599
3600
3600
3600
3600
3600
3601
3601
3601
3601
3601
3601
3601
3601
3601
3601
3601
3601
3601
3602
3602
3602
3602
3602
3602
3603
3603
3603
3603
3603
3603
3603
3603
3603
3603
3603
3603
3604
3606
3606
3606
3606
3606
3606
3606
3606
3606
3606
3606
3607
3607
3607
3607
3607
3607
3608
3608
3608
3608
3608
3608
3608
3608
3608
3609
3609
3609
3609
3609
3610
3610
3610
3610
3610
3610
3611
3611
3611
3612
3612
3613
3613
3613
3613
3613
3613
3613
3613
3613
3614
3614
3614
3614
3614
3614
3614
3614
3614
3614
3614
3615
3615
3615
3615
3615
3615
3615
3616
3616
3616
3616
3616
3616
3617
3617
3617
3617
3617
3617
3617
3618
3620
3620
3621
3621
3621
3621
3621
3622
3622
3622
3622
3622
3622
3622
3623
3627
3627
3628
3629
3629
3630
3630
3631
3631
3632
3633
3634
3634
3634
3635
3635
3635
3636
3636
3636
3636
3637
3637
3637
3637
3637
3637
3637
3637
3637
3637
3638
3638
3638
3638
3638
3638
3639
3640
3640
3640
3640
3640
3641
3641
3641
3641
3641
3641
3641
3641
3642
3642
3642
3642
3642
3642
3642
3642
3642
3642
3642
3642
3642
3643
3643
3643
3643
3643
3643
3643
3643
3644
3644
3644
3644
3644
3644
3644
3645
3645
3645
3645
3645
3645
3645
3645
3645
3646
3646
3647
3648
3648
3649
3649
3649
3649
3649
3649
3649
3650
3650
3650
3650
3650
3650
3650
3651
3651
3651
3651
3651
3652
3652
3652
3652
3652
3652
3652
3652
3654
3655
3655
3655
3655
3655
3655
3655
3655
3656
3656
3656
3656
3656
3656
3657
3657
3657
3657
3657
3657
3657
3658
3658
3658
3658
3658
3659
3659
3659
3659
3661
3661
3661
3661
3661
3661
3661
3661
3661
3661
3661
3661
3662
3662
3662
3662
3662
3663
3663
3663
3663
3663
3663
3663
3663
3663
3664
3664
3664
3664
3664
3664
3664
3664
3665
3665
3665
3665
3665
3666
3666
3666
3666
3666
3666
3667
3667
3668
3668
3669
3669
3669
3669
3669
3669
3669
3670
3670
3670
3670
3670
3671
3671
3671
3671
3671
3672
3672
3672
3673
3673
3673
3673
3673
3674
3674
3674
3675
3675
3675
3676
3676
3676
3676
3676
3676
3676
3676
3676
3676
3677
3677
3677
3677
3677
3677
3677
3677
3678
3678
3678
3678
3679
3679
3679
3679
3679
3679
3679
3679
3679
3679
3680
3680
3680
3680
3680
3680
3680
3682
3682
3682
3683
3683
3683
3684
3684
3684
3684
3684
3684
3684
3684
3684
3684
3684
3685
3685
3685
3685
3685
3685
3685
3685
3685
3685
3685
3685
3686
3686
3686
3686
3687
3687
3687
3687
3687
3687
3687
3687
3687
3687
3687
3687
3688
3688
3689
3690
3690
3690
3690
3690
3690
3690
3690
3690
3690
3690
3691
3691
3691
3691
3691
3691
3692
3692
3692
3692
3692
3693
3693
3693
3693
3693
3693
3693
3693
3693
3693
3694
3694
3694
3694
3694
3694
3694
3694
3694
3694
3695
3695
3697
3697
3697
3697
3697
3697
3697
3697
3697
3697
3698
3698
3698
3698
3698
3698
3698
3699
3699
3699
3699
3700
3700
3700
3700
3700
3700
3700
3701
3701
3701
3701
3701
3701
3701
3701
3702
3702
3702
3703
3703
3703
3704
3704
3704
3704
3704
3704
3705
3705
3705
3705
3705
3705
3705
3705
3705
3705
3705
3705
3705
3706
3706
3706
3706
3706
3706
3706
3706
3706
3706
3706
3707
3707
3707
3707
3707
3707
3708
3708
3708
3708
3708
3708
3708
3708
3708
3708
3708
3708
3708
3708
3709
3709
3709
3709
3709
3710
3710
3711
3711
3711
3712
3712
3712
3712
3712
3712
3712
3712
3712
3712
3712
3712
3712
3712
3712
3712
3712
3712
3712
3712
3713
3713
3713
3713
3713
3713
3714
3714
3714
3714
3714
3714
3714
3714
3714
3714
3714
3715
3715
3715
3715
3715
3715
3716
3716
3717
3717
3717
3717
3718
3718
3718
3718
3718
3719
3719
3719
3719
3719
3719
3720
3720
3720
3720
3720
3720
3720
3720
3720
3720
3720
3721
3721
3721
3721
3721
3721
3721
3722
3722
3722
3722
3722
3722
3725
3725
3725
3725
3725
3725
3726
3726
3726
3727
3727
3727
3727
3727
3727
3727
3727
3727
3728
3728
3728
3728
3728
3728
3728
3728
3728
3728
3728
3729
3729
3729
3729
3729
3729
3730
3730
3732
3732
3732
3732
3732
3732
3732
3732
3732
3732
3732
3732
3733
3733
3733
3733
3733
3733
3733
3733
3733
3733
3734
3734
3734
3734
3734
3735
3735
3735
3736
3736
3736
3736
3736
3736
3736
3736
3736
3736
3736
3737
3738
3738
3738
3738
3738
3739
3739
3739
3740
3740
3740
3740
3740
3740
3740
3741
3741
3741
3741
3741
3741
3741
3742
3742
3742
3742
3743
3743
3743
3743
3746
3746
3746
3747
3747
3747
3747
3747
3747
3748
3748
3749
3749
3749
3749
3749
3749
3749
3749
3750
3750
3750
3750
3750
3750
3750
3750
3750
3750
3750
3750
3750
3750
3750
3751
3751
3751
3753
3753
3753
3753
3753
3753
3753
3753
3754
3754
3754
3754
3754
3754
3754
3754
3754
3754
3754
3754
3754
3754
3754
3755
3755
3755
3755
3756
3756
3756
3756
3756
3756
3757
3757
3757
3757
3757
3757
3757
3757
3757
3759
3759
3759
3759
3760
3760
3760
3760
3760
3760
3760
3761
3761
3761
3761
3761
3761
3761
3761
3761
3761
3762
3762
3762
3762
3762
3762
3763
3763
3763
3763
3763
3764
3764
3764
3764
3764
3764
3764
3764
3764
3765
3766
3767
3767
3767
3767
3767
3767
3767
3767
3768
3768
3768
3768
3768
3768
3768
3768
3768
3768
3768
3769
3769
3769
3769
3769
3769
3769
3769
3770
3770
3770
3770
3770
3770
3770
3770
3770
3770
3770
3770
3770
3770
3770
3770
3770
3770
3771
3771
3771
3771
3771
3771
3771
3771
3772
3773
3774
3774
3774
3774
3775
3775
3775
3775
3775
3775
3775
3775
3775
3775
3775
3776
3776
3776
3776
3776
3776
3776
3776
3776
3777
3777
3777
3777
3777
3777
3777
3777
3777
3777
3777
3777
3777
3777
3777
3777
3777
3777
3777
3778
3778
3778
3778
3778
3778
3778
3778
3780
3782
3782
3782
3782
3782
3782
3782
3782
3782
3783
3783
3783
3783
3783
3783
3783
3783
3783
3783
3783
3783
3783
3783
3783
3784
3784
3784
3784
3784
3784
3784
3784
3784
3784
3784
3784
3785
3785
3785
3785
3785
3785
3785
3785
3785
3785
3785
3785
3786
3786
3787
3788
3788
3788
3788
3788
3788
3788
3788
3788
3789
3789
3789
3789
3789
3789
3789
3789
3789
3790
3790
3790
3791
3791
3791
3791
3791
3791
3791
3791
3791
3791
3792
3792
3792
3792
3792
3792
3792
3792
3792
3792
3792
3793
3793
3793
3793
3793
3793
3793
3793
3793
3794
3794
3794
3794
3794
3794
3794
3795
3795
3795
3795
3795
3795
3795
3795
3796
3796
3796
3796
3796
3796
3796
3796
3796
3796
3796
3797
3797
3797
3797
3797
3797
3798
3798
3798
3798
3798
3798
3798
3798
3798
3798
3799
3799
3799
3799
3799
3799
3799
3799
3799
3799
3799
3799
3799
3799
3799
3799
3800
3801
3802
3802
3802
3802
3802
3802
3802
3802
3802
3802
3802
3802
3802
3803
3803
3803
3803
3803
3803
3803
3803
3803
3803
3803
3803
3803
3803
3804
3804
3804
3804
3804
3804
3804
3805
3805
3805
3805
3805
3805
3805
3806
3806
3806
3806
3806
3806
3806
3806
3806
3806
3806
3806
3806
3806
3806
3806
3806
3806
3807
3807
3807
3808
3808
3808
3808
3809
3809
3809
3809
3809
3809
3809
3809
3810
3810
3810
3810
3811
3812
3812
3812
3812
3812
3812
3812
3812
3812
3812
3812
3812
3812
3812
3812
3812
3813
3813
3813
3813
3813
3813
3813
3813
3813
3813
3813
3813
3813
3813
3813
3814
3814
3814
3814
3814
3814
3815
3817
3817
3817
3817
3817
3817
3818
3818
3818
3818
3818
3818
3818
3818
3819
3819
3819
3819
3819
3819
3820
3820
3820
3820
3820
3820
3820
3820
3820
3820
3820
3820
3820
3820
3820
3820
3820
3821
3821
3821
3823
3823
3823
3824
3824
3824
3824
3824
3824
3824
3824
3824
3825
3825
3825
3825
3825
3825
3825
3825
3825
3825
3825
3825
3825
3825
3825
3825
3826
3826
3826
3826
3826
3826
3826
3827
3827
3827
3827
3827
3827
3827
3827
3828
3828
3828
3828
3829
3829
3829
3829
3829
3829
3830
3830
3830
3830
3830
3830
3830
3831
3831
3831
3831
3831
3831
3831
3831
3831
3831
3832
3832
3832
3832
3832
3832
3832
3832
3832
3832
3832
3832
3833
3833
3833
3834
3834
3834
3834
3834
3834
3834
3834
3834
3834
3834
3834
3834
3834
3834
3835
3835
3836
3836
3836
3836
3836
3836
3836
3837
3837
3837
3837
3837
3837
3837
3837
3838
3838
3838
3838
3838
3838
3839
3839
3839
3839
3839
3840
3840
3840
3840
3840
3841
3841
3841
3841
3841
3842
3844
3844
3844
3844
3845
3845
3845
3845
3845
3845
3846
3847
3847
3847
3848
3848
3848
3848
3848
3848
3848
3848
3851
3851
3851
3851
3851
3851
3852
3852
3852
3852
3852
3852
3853
3853
3853
3853
3853
3853
3853
3854
3854
3854
3854
3854
3854
3854
3854
3854
3854
3855
3855
3855
3855
3855
3855
3855
3855
3855
3855
3855
3858
3859
3859
3859
3859
3859
3859
3859
3860
3860
3860
3860
3860
3860
3861
3861
3861
3861
3861
3861
3861
3861
3862
3862
3862
3862
3863
3863
3864
3865
3866
3866
3866
3867
3868
3868
3868
3868
3868
3868
3868
3868
3869
3869
3869
3869
3869
3869
3869
3869
3872
3872
3872
3872
3873
3873
3873
3873
3873
3873
3874
3874
3874
3874
3874
3874
3874
3874
3874
3874
3874
3875
3875
3875
3875
3875
3875
3875
3876
3876
3876
3876
3876
3876
3876
3880
3880
3880
3880
3880
3880
3880
3880
3881
3881
3881
3881
3881
3881
3881
3881
3881
3881
3881
3881
3881
3882
3882
3882
3882
3882
3882
3882
3882
3882
3882
3882
3883
3883
3883
3883
3883
3883
3883
3883
3883
3883
3883
3885
3885
3885
3885
3885
3886
3886
3886
3886
3886
3886
3886
3886
3887
3887
3887
3887
3887
3887
3887
3887
3887
3887
3887
3887
3887
3887
3887
3887
3887
3887
3887
3888
3888
3888
3888
3888
3888
3888
3888
3889
3889
3889
3889
3889
3889
3889
3889
3889
3889
3889
3889
3889
3889
3889
3889
3889
3889
3889
3890
3890
3890
3890
3890
3890
3890
3891
3892
3892
3893
3893
3893
3893
3893
3893
3893
3893
3893
3893
3893
3894
3894
3894
3894
3894
3894
3894
3894
3894
3894
3894
3894
3894
3894
3895
3895
3895
3895
3895
3895
3895
3895
3896
3896
3896
3896
3896
3896
3896
3896
3896
3896
3896
3896
3896
3896
3896
3896
3897
3897
3897
3897
3897
3897
3897
3897
3897
3897
3897
3897
3897
3897
3898
3900
3900
3900
3900
3900
3900
3900
3901
3901
3901
3901
3901
3901
3901
3901
3902
3902
3902
3902
3902
3902
3902
3902
3902
3902
3902
3902
3902
3903
3903
3903
3903
3903
3903
3903
3903
3903
3903
3903
3903
3903
3903
3903
3904
3904
3904
3904
3904
3904
3904
3904
3904
3904
3904
3904
3904
3904
3904
3904
3904
3905
3906
3907
3907
3907
3907
3907
3907
3907
3908
3908
3908
3908
3908
3908
3909
3909
3909
3909
3909
3909
3909
3909
3909
3909
3909
3910
3910
3910
3910
3910
3910
3911
3911
3911
3911
3911
3911
3911
3911
3911
3911
3914
3915
3915
3915
3915
3915
3915
3915
3915
3915
3916
3916
3916
3916
3916
3916
3916
3916
3916
3916
3916
3917
3917
3917
3917
3917
3917
3917
3917
3917
3918
3918
3918
3918
3918
3918
3918
3918
3918
3918
3919
3919
3919
3919
3920
3921
3921
3921
3921
3921
3921
3921
3921
3921
3922
3922
3922
3922
3922
3922
3922
3922
3922
3922
3922
3922
3922
3923
3923
3923
3923
3923
3923
3923
3923
3923
3923
3924
3924
3924
3924
3924
3924
3924
3924
3924
3924
3924
3924
3924
3924
3924
3924
3924
3924
3925
3925
3925
3925
3925
3925
3925
3925
3925
3925
3925
3925
3925
3925
3926
3926
3926
3926
3926
3926
3926
3927
3927
3927
3927
3927
3927
3927
3927
3928
3928
3928
3928
3928
3928
3928
3928
3928
3928
3929
3929
3929
3929
3929
3929
3930
3930
3930
3930
3930
3930
3930
3930
3930
3930
3930
3930
3930
3930
3931
3931
3931
3931
3931
3931
3931
3931
3931
3931
3931
3931
3931
3932
3932
3932
3932
3932
3933
3933
3933
3935
3935
3935
3935
3935
3935
3935
3935
3935
3935
3935
3935
3936
3936
3936
3936
3936
3936
3937
3937
3937
3937
3937
3937
3937
3937
3937
3938
3938
3938
3938
3938
3938
3938
3938
3939
3939
3939
3939
3939
3939
3939
3940
3940
3942
3942
3942
3942
3942
3942
3943
3943
3943
3943
3943
3943
3943
3943
3943
3944
3944
3944
3944
3944
3944
3944
3944
3944
3944
3944
3944
3945
3945
3945
3945
3945
3945
3945
3945
3945
3945
3945
3946
3946
3946
3946
3946
3946
3947
3947
3947
3948
3949
3949
3949
3949
3950
3950
3950
3950
3950
3950
3950
3951
3951
3951
3951
3951
3951
3951
3951
3951
3951
3951
3951
3951
3951
3951
3951
3951
3951
3951
3951
3952
3952
3952
3952
3952
3952
3953
3953
3953
3953
3953
3953
3953
3953
3953
3953
3953
3953
3953
3953
3953
3953
3953
3953
3953
3953
3953
3953
3953
3953
3954
3954
3956
3956
3956
3956
3956
3956
3956
3956
3956
3956
3957
3957
3957
3957
3957
3957
3957
3957
3958
3958
3958
3958
3958
3958
3958
3958
3960
3960
3960
3960
3960
3961
3961
3963
3963
3963
3963
3963
3964
3964
3964
3964
3964
3964
3964
3964
3964
3965
3965
3965
3965
3965
3965
3965
3965
3965
3965
3965
3965
3965
3965
3966
3966
3966
3966
3966
3966
3966
3966
3967
3967
3967
3967
3967
3967
3967
3967
3967
3967
3967
3967
3967
3967
3967
3967
3967
3967
3967
3967
3968
3968
3968
3968
3970
3970
3970
3970
3970
3970
3970
3970
3970
3970
3970
3970
3970
3970
3970
3970
3970
3971
3971
3971
3971
3971
3971
3971
3971
3971
3971
3971
3971
3971
3971
3971
3971
3971
3971
3971
3971
3971
3971
3971
3971
3972
3972
3972
3972
3972
3972
3972
3972
3973
3973
3973
3973
3973
3973
3973
3973
3973
3973
3973
3974
3974
3974
3974
3974
3974
3974
3974
3974
3974
3974
3974
3974
3974
3974
3974
3974
3976
3977
3977
3977
3977
3977
3977
3977
3977
3977
3977
3978
3978
3978
3978
3978
3978
3978
3978
3978
3978
3978
3978
3979
3979
3979
3979
3979
3979
3979
3979
3979
3979
3979
3979
3980
3980
3980
3980
3980
3980
3980
3980
3980
3980
3980
3981
3981
3981
3981
3981
3982
3983
3983
3983
3984
3984
3984
3984
3984
3984
3984
3984
3984
3984
3985
3985
3985
3985
3986
3986
3986
3986
3986
3987
3987
3988
3988
3988
3989
3990
3992
3992
3992
3994
3994
3994
3994
3994
3995
3995
3997
3997
3998
3999
3999
3999
3999
3999
4000
4000
4000
4000
4001
4001
4001
4001
4001
4001
4001
4001
4002
4002
4002
4003
4005
4005
4005
4005
4005
4005
4006
4006
4006
4006
4006
4006
4007
4007
4008
4008
4008
4008
4008
4008
4008
4008
4008
4008
4009
4009
4009
4009
4009
4009
4009
4010
4011
4012
4012
4012
4012
4013
4013
4013
4013
4013
4013
4013
4014
4014
4014
4014
4014
4014
4014
4014
4014
4014
4015
4015
4015
4015
4015
4015
4015
4015
4016
4016
4016
4016
4016
4016
4016
4016
4016
4016
4017
4017
4017
4017
4018
4019
4019
4019
4019
4019
4019
4019
4019
4019
4019
4020
4020
4020
4020
4020
4020
4020
4021
4021
4021
4021
4021
4021
4021
4021
4021
4021
4022
4022
4022
4022
4023
4023
4023
4023
4023
4023
4023
4023
4023
4023
4023
4026
4026
4026
4026
4026
4027
4027
4027
4028
4028
4028
4028
4028
4028
4028
4029
4029
4029
4029
4029
4030
4030
4030
4030
4030
4030
4030
4030
4031
4031
4031
4031
4031
4032
4032
4032
4033
4033
4033
4033
4034
4034
4034
4034
4034
4035
4035
4035
4035
4036
4036
4036
4036
4036
4036
4037
4037
4040
4040
4040
4040
4040
4040
4040
4040
4040
4041
4041
4041
4041
4041
4041
4041
4041
4041
4041
4041
4041
4042
4042
4042
4042
4042
4042
4042
4042
4042
4043
4043
4043
4043
4043
4043
4043
4043
4043
4043
4044
4044
4044
4044
4044
4044
4044
4044
4044
4044
4044
4044
4045
4045
4046
4047
4047
4047
4048
4048
4048
4048
4048
4048
4048
4048
4049
4049
4049
4049
4049
4049
4049
4050
4050
4050
4050
4050
4050
4050
4050
4050
4050
4051
4051
4051
4051
4051
4051
4051
4051
4051
4051
4051
4051
4051
4052
4052
4052
4052
4052
4052
4053
4053
4053
4053
4053
4053
4053
4053
4053
4054
4054
4054
4054
4054
4055
4055
4055
4055
4055
4055
4055
4056
4056
4056
4056
4056
4056
4056
4056
4056
4056
4057
4057
4057
4057
4057
4057
4058
4058
4058
4058
4058
4058
4058
4058
4058
4058
4059
4061
4061
4061
4061
4061
4061
4061
4061
4061
4061
4062
4062
4062
4062
4062
4062
4062
4063
4063
4063
4063
4063
4063
4063
4063
4063
4064
4064
4064
4064
4064
4065
4065
4065
4065
4066
4066
4066
4068
4068
4068
4068
4068
4069
4069
4069
4070
4070
4070
4070
4070
4070
4070
4070
4071
4071
4071
4071
4071
4071
4072
4072
4072
4072
4073
4075
4075
4075
4075
4075
4075
4075
4075
4075
4076
4076
4076
4076
4076
4076
4076
4076
4076
4076
4076
4076
4076
4077
4077
4077
4077
4077
4077
4077
4077
4077
4078
4078
4078
4078
4078
4078
4078
4078
4078
4078
4078
4079
4079
4079
4079
4079
4079
4079
4079
4079
4079
4079
4079
4079
4079
4079
4080
4082
4082
4082
4082
4082
4082
4082
4082
4082
4082
4082
4083
4083
4083
4083
4083
4083
4083
4084
4084
4084
4084
4085
4085
4085
4085
4085
4085
4085
4085
4086
4086
4086
4086
4086
4086
4086
4087
4087
4087
4088
4088
4088
4088
4088
4088
4088
4088
4088
4089
4089
4089
4089
4089
4090
4090
4090
4090
4090
4090
4090
4090
4090
4090
4091
4091
4091
4091
4092
4092
4092
4092
4092
4092
4092
4093
4093
4093
4093
4093
4093
4093
4093
4093
4094
4094
4095
4096
4096
4096
4096
4096
4097
4097
4097
4097
4097
4098
4098
4098
4098
4098
4098
4099
4099
4099
4099
4099
4099
4099
4099
4099
4099
4099
4099
4099
4099
4099
4099
4100
4100
4100
4100
4100
4100
4100
4100
4101
4101
4102
4102
4103
4103
4103
4103
4103
4103
4103
4103
4103
4103
4103
4103
4104
4104
4104
4104
4104
4104
4104
4104
4104
4105
4105
4105
4105
4105
4105
4105
4105
4106
4106
4106
4106
4106
4106
4106
4106
4106
4107
4107
4107
4107
4107
4107
4107
4107
4107
4107
4107
4107
4107
4110
4110
4110
4110
4110
4110
4111
4111
4111
4111
4111
4111
4111
4112
4112
4112
4112
4112
4113
4113
4113
4113
4113
4113
4113
4113
4114
4114
4114
4114
4114
4114
4114
4114
4114
4117
4117
4117
4117
4117
4117
4117
4117
4117
4117
4117
4118
4118
4118
4118
4118
4118
4118
4118
4118
4118
4119
4119
4119
4119
4119
4119
4119
4119
4119
4119
4120
4120
4120
4120
4120
4120
4120
4120
4120
4120
4120
4120
4120
4120
4120
4121
4121
4121
4121
4121
4121
4121
4121
4121
4121
4121
4121
4121
4121
4121
4121
4121
4121
4121
4122
4122
4122
4123
4124
4124
4124
4124
4124
4124
4124
4124
4125
4125
4125
4125
4125
4125
4125
4125
4125
4125
4125
4125
4125
4125
4126
4126
4126
4126
4126
4126
4126
4127
4127
4127
4127
4127
4127
4127
4127
4127
4127
4127
4127
4127
4128
4128
4128
4128
4129
4131
4131
4131
4131
4131
4131
4131
4132
4132
4132
4132
4132
4133
4133
4133
4133
4133
4133
4134
4134
4134
4134
4134
4134
4134
4134
4134
4134
4134
4134
4134
4134
4134
4135
4135
4135
4135
4135
4135
4135
4135
4138
4138
4138
4138
4138
4138
4138
4138
4138
4138
4138
4138
4138
4138
4138
4138
4138
4138
4139
4139
4139
4140
4140
4140
4140
4140
4141
4141
4141
4141
4141
4141
4141
4141
4141
4142
4142
4142
4142
4142
4142
4142
4142
4142
4142
4142
4142
4143
4146
4146
4146
4146
4146
4146
4147
4147
4147
4147
4147
4147
4147
4147
4147
4147
4148
4148
4148
4148
4148
4148
4148
4148
4149
4149
4149
4149
4149
4149
4149
4149
4149
4149
4149
4149
4150
4151
4151
4151
4151
4152
4152
4152
4152
4152
4152
4152
4152
4152
4153
4153
4153
4153
4153
4153
4153
4153
4153
4153
4154
4154
4154
4154
4154
4154
4154
4154
4154
4154
4155
4155
4155
4155
4155
4155
4155
4156
4156
4156
4156
4156
4156
4156
4156
4156
4156
4156
4156
4156
4156
4156
4156
4156
4156
4156
4157
4157
4157
4158
4159
4159
4159
4159
4159
4159
4159
4159
4159
4159
4159
4159
4159
4160
4160
4160
4160
4160
4160
4160
4160
4160
4160
4160
4160
4161
4161
4161
4161
4161
4161
4161
4161
4161
4161
4161
4161
4161
4161
4161
4162
4162
4162
4162
4162
4162
4162
4162
4162
4162
4162
4162
4162
4162
4162
4162
4162
4162
4162
4163
4163
4163
4163
4163
4163
4164
4164
4164
4166
4166
4166
4166
4166
4166
4166
4167
4167
4167
4167
4167
4167
4167
4167
4168
4168
4168
4168
4168
4168
4168
4169
4169
4169
4169
4169
4169
4169
4169
4169
4169
4169
4169
4169
4169
4169
4170
4170
4170
4170
4170
4170
4170
4170
4170
4170
4170
4170
4171
4172
4173
4173
4173
4173
4173
4174
4174
4174
4174
4174
4175
4175
4175
4175
4175
4175
4175
4175
4175
4176
4176
4176
4176
4176
4176
4176
4176
4176
4176
4176
4176
4177
4177
4177
4177
4177
4177
4177
4178
4178
4178
4178
4178
4178
4178
4178
4178
4180
4180
4180
4181
4181
4181
4181
4181
4181
4181
4183
4183
4183
4183
4183
4183
4183
4184
4184
4184
4184
4184
4184
4184
4184
4184
4184
4185
4185
4185
4185
4186
4186
4186
4186
4186
4186
4186
4186
4186
4187
4187
4187
4187
4187
4187
4187
4187
4187
4187
4187
4187
4188
4188
4188
4188
4188
4188
4188
4188
4188
4188
4188
4188
4189
4189
4189
4189
4189
4189
4189
4189
4189
4189
4189
4189
4189
4189
4190
4190
4190
4190
4190
4190
4190
4190
4190
4190
4190
4190
4190
4190
4190
4190
4191
4191
4191
4191
4191
4191
4191
4191
4191
4191
4191
4191
4191
4191
4192
4192
4192
4192
4193
4193
4193
4193
4193
4194
4194
4194
4194
4194
4194
4194
4194
4194
4194
4194
4194
4194
4195
4195
4195
4195
4195
4195
4195
4196
4196
4196
4196
4196
4196
4196
4197
4197
4197
4197
4198
4198
4198
4198
4198
4198
4201
4201
4201
4201
4201
4201
4201
4202
4202
4202
4202
4202
4202
4202
4202
4202
4202
4202
4203
4203
4203
4203
4203
4203
4203
4203
4203
4203
4203
4203
4203
4204
4204
4204
4204
4204
4204
4204
4204
4204
4205
4205
4205
4205
4205
4205
4205
4205
4205
4208
4208
4208
4208
4208
4208
4208
4208
4208
4209
4209
4209
4210
4210
4210
4210
4210
4210
4210
4210
4210
4210
4210
4211
4211
4211
4211
4211
4211
4211
4212
4212
4212
4212
4212
4212
4212
4212
4212
4213
4213
4213
4213
4213
4213
4214
4214
4214
4214
4214
4214
4215
4215
4215
4215
4215
4216
4216
4216
4216
4216
4216
4216
4216
4216
4216
4216
4217
4217
4217
4217
4217
4217
4217
4218
4218
4218
4219
4219
4219
4219
4219
4219
4219
4219
4219
4219
4220
4220
4220
4221
4222
4222
4222
4222
4222
4222
4222
4222
4222
4222
4223
4223
4223
4224
4224
4224
4224
4224
4225
4225
4225
4225
4225
4226
4226
4226
4226
4226
4226
4226
4226
4226
4226
4228
4228
4229
4229
4230
4230
4230
4231
4232
4232
4232
4232
4232
4232
4233
4233
4233
4233
4233
4233
4234
4236
4236
4237
4237
4237
4237
4237
4238
4238
4238
4238
4238
4238
4239
4239
4239
4240
4240
4240
4240
4240
4240
4240
4240
4240
4240
4240
4240
4240
4241
4241
4242
4243
4243
4243
4244
4244
4244
4244
4244
4244
4244
4244
4245
4245
4245
4245
4245
4245
4245
4245
4245
4245
4245
4245
4246
4246
4246
4246
4246
4246
4246
4247
4247
4247
4247
4247
4247
4247
4247
4247
4248
4248
4248
4248
4248
4249
4249
4249
4249
4249
4249
4250
4250
4250
4250
4250
4250
4250
4251
4251
4251
4251
4251
4251
4252
4252
4252
4252
4252
4253
4253
4253
4253
4253
4253
4253
4253
4253
4253
4253
4253
4253
4253
4254
4254
4254
4254
4255
4255
4255
4256
4257
4257
4257
4258
4258
4258
4258
4258
4258
4258
4258
4258
4259
4259
4259
4259
4259
4259
4260
4260
4260
4260
4260
4260
4260
4260
4260
4260
4261
4261
4261
4261
4261
4261
4261
4261
4261
4261
4261
4261
4261
4261
4261
4262
4262
4264
4264
4264
4264
4264
4264
4264
4264
4264
4264
4264
4264
4264
4264
4264
4265
4265
4265
4265
4265
4265
4265
4265
4265
4265
4265
4265
4266
4266
4266
4266
4266
4266
4266
4266
4266
4266
4266
4266
4266
4267
4267
4267
4267
4267
4267
4267
4267
4267
4267
4267
4267
4267
4267
4267
4267
4267
4267
4267
4267
4267
4267
4268
4268
4268
4268
4268
4268
4268
4268
4268
4268
4268
4268
4268
4268
4268
4268
4268
4269
4270
4271
4271
4271
4271
4271
4271
4271
4271
4271
4271
4271
4271
4271
4272
4272
4272
4272
4272
4272
4272
4272
4273
4273
4273
4273
4273
4273
4273
4273
4273
4274
4274
4274
4274
4275
4275
4275
4275
4276
4277
4278
4279
4279
4279
4279
4279
4279
4280
4280
4280
4280
4280
4280
4281
4281
4281
4281
4281
4281
4281
4281
4281
4282
4282
4282
4282
4282
4282
4282
4282
4282
4282
4282
4282
4282
4285
4285
4285
4285
4285
4285
4285
4285
4285
4285
4285
4285
4285
4285
4285
4285
4285
4285
4285
4286
4286
4286
4286
4286
4286
4287
4287
4287
4288
4288
4288
4288
4288
4288
4288
4288
4288
4288
4289
4289
4289
4289
4289
4289
4289
4289
4289
4289
4289
4289
4292
4292
4292
4292
4292
4292
4292
4292
4293
4293
4293
4293
4293
4293
4293
4293
4293
4294
4294
4294
4294
4294
4294
4294
4294
4294
4295
4295
4295
4295
4295
4296
4296
4296
4296
4296
4296
4296
4296
4296
4296
4296
4296
4298
4299
4299
4299
4299
4300
4300
4300
4300
4301
4301
4301
4301
4302
4302
4302
4302
4302
4302
4302
4302
4302
4302
4303
4303
4303
4303
4303
4303
4303
4303
4303
4305
4306
4306
4306
4306
4306
4307
4307
4307
4307
4307
4308
4308
4308
4308
4308
4308
4309
4309
4309
4309
4309
4309
4309
4309
4309
4309
4309
4309
4309
4309
4309
4310
4310
4310
4310
4310
4310
4310
4310
4310
4310
4310
4310
4310
4312
4312
4313
4313
4313
4314
4314
4314
4314
4314
4314
4315
4315
4315
4315
4315
4315
4315
4315
4315
4315
4315
4315
4315
4315
4315
4316
4316
4316
4316
4316
4316
4316
4317
4317
4317
4317
4317
4317
4318
4318
4318
4318
4318
4318
4319
4320
4320
4320
4320
4320
4320
4320
4321
4321
4321
4321
4321
4321
4322
4322
4322
4323
4324
4324
4324
4324
4324
4324
4324
4324
4324
4324
4325
4327
4327
4327
4327
4327
4327
4328
4328
4328
4328
4328
4328
4329
4329
4329
4329
4329
4329
4329
4329
4329
4329
4329
4329
4329
4329
4329
4329
4330
4330
4330
4330
4330
4330
4330
4330
4330
4331
4331
4331
4331
4331
4331
4331
4331
4331
4331
4331
4331
4332
4332
4332
4333
4334
4334
4334
4334
4334
4334
4334
4334
4334
4334
4334
4334
4334
4334
4334
4335
4335
4335
4335
4335
4335
4335
4336
4336
4336
4336
4336
4336
4336
4336
4336
4336
4337
4337
4337
4337
4337
4337
4337
4337
4337
4337
4337
4337
4337
4337
4338
4338
4338
4338
4338
4338
4338
4338
4338
4338
4338
4339
4339
4340
4341
4341
4341
4341
4341
4341
4341
4342
4342
4342
4342
4342
4342
4342
4342
4342
4342
4342
4342
4342
4342
4343
4343
4343
4343
4343
4343
4343
4343
4343
4344
4344
4344
4344
4344
4344
4345
4345
4345
4345
4345
4345
4345
4345
4345
4345
4345
4346
4348
4348
4348
4348
4349
4349
4349
4350
4350
4350
4351
4351
4351
4351
4351
4351
4352
4352
4352
4352
4355
4356
4358
4358
4359
4361
4362
4362
4364
4365
4365
4365
4366
4368
4369
4369
4370
4370
4370
4371
4371
4371
4371
4371
4372
4372
4372
4373
4373
4373
4376
4376
4376
4376
4377
4377
4378
4378
4378
4378
4378
4378
4378
4379
4379
4379
4379
4379
4379
4379
4380
4380
4383
4383
4384
4384
4384
4384
4384
4384
4385
4385
4385
4385
4385
4386
4386
4386
4386
4386
4386
4386
4387
4387
4387
4387
4387
4387
4389
4390
4390
4390
4390
4390
4390
4390
4390
4391
4391
4391
4391
4391
4391
4391
4391
4391
4391
4391
4391
4392
4392
4392
4392
4392
4393
4393
4393
4393
4393
4393
4393
4393
4394
4394
4394
4394
4397
4397
4397
4397
4397
4398
4398
4398
4398
4398
4398
4399
4399
4399
4399
4399
4399
4399
4399
4399
4400
4400
4400
4400
4401
4401
4401
4401
4401
4401
4401
4402
4402
4404
4404
4404
4404
4405
4405
4405
4405
4405
4405
4406
4406
4406
4406
4406
4406
4406
4407
4407
4407
4407
4407
4407
4407
4407
4407
4408
4408
4408
4408
4408
4408
4411
4412
4412
4412
4412
4412
4413
4413
4413
4413
4413
4413
4413
4413
4413
4413
4413
4414
4414
4414
4414
4414
4415
4415
4415
4416
4416
4417
4417
4418
4418
4418
4418
4418
4418
4418
4418
4419
4419
4419
4419
4419
4419
4419
4419
4419
4419
4420
4420
4420
4420
4420
4420
4420
4420
4421
4421
4421
4421
4421
4421
4421
4421
4421
4421
4422
4422
4422
4422
4422
4422
4423
4425
4425
4425
4425
4425
4425
4425
4425
4426
4426
4426
4426
4426
4426
4426
4426
4426
4426
4426
4426
4426
4426
4426
4426
4426
4427
4428
4428
4428
4428
4429
4429
4429
4429
4429
4429
4429
4429
4430
4430
4432
4432
4432
4432
4433
4433
4433
4433
4434
4434
4434
4434
4434
4434
4434
4434
4434
4434
4434
4435
4435
4435
4435
4435
4436
4436
4436
4436
4436
4436
4436
4436
4438
4439
4439
4439
4439
4439
4439
4439
4439
4440
4441
4441
4441
4441
4441
4441
4441
4441
4441
4441
4442
4442
4442
4442
4442
4443
4443
4443
4443
4443
4443
4443
4444
4444
4445
4445
4445
4445
4445
4445
4446
4446
4446
4446
4446
4446
4446
4447
4447
4448
4448
4449
4450
4450
4451
4453
4453
4454
4454
4454
4454
4454
4454
4455
4455
4455
4455
4455
4455
4455
4455
4455
4456
4456
4456
4457
4457
4457
4457
4458
4458
4459
4459
4459
4459
4460
4460
4460
4460
4460
4461
4461
4461
4462
4462
4462
4462
4463
4463
4463
4463
4463
4463
4463
4463
4463
4463
4463
4463
4463
4464
4464
4464
4464
4464
4464
4464
